0.1	-0.5411	36	-0.4369	0.07798	-0.00174	-0.04414
0.2	1.513	81	1.097	0.08427	-0.001662	0.06207
0.3	-1.393	155	-1.879	0.1178	-0.002558	-0.1222
0.4	0.6716	187	0.449	0.1863	-0.008585	-0.07207
0.5	-1.122	220	-0.6928	0.2246	-0.012	-0.1371
0.6	0.4147	268	0.4647	0.3174	-0.02594	-0.09057
0.7	-0.7011	294	-0.3976	0.3727	-0.03105	-0.1326
0.8	-0.4712	360	-0.7996	0.5409	-0.05529	-0.2157
0.9	0.6964	424	1.009	0.6403	-0.07615	-0.1012
1	-1.466	460	-0.9122	0.6756	-0.07469	-0.1899
1.1	-1.061	533	-1.677	0.7345	-0.09839	-0.3651
1.2	-0.8378	602	-1.388	0.853	-0.1444	-0.5048
1.3	0.1815	672	0.3087	1.008	-0.2183	-0.4693
1.4	0.599	761	1.265	1.172	-0.3046	-0.3465
1.5	-0.6765	801	-0.6505	1.259	-0.3178	-0.3928
1.6	-0.5875	845	-0.5691	1.275	-0.3721	-0.4486
1.7	0.4538	885	0.4129	1.391	-0.4127	-0.4258
1.8	-0.3725	970	-0.7815	1.611	-0.4817	-0.4897
1.9	-1.38	1065	-2.241	1.611	-0.5146	-0.7527
2	0.5473	1117	0.7023	1.646	-0.58	-0.6605
2.1	-0.6472	1215	-1.484	1.842	-0.7072	-0.8099
2.2	-0.474	1292	-0.8932	1.97	-0.8195	-0.8806
2.3	0	1395	0	2.169	-1.056	-0.8983
2.4	-1.538	1432	-0.8761	2.106	-1.037	-0.9753
2.5	0.9802	1527	1.962	2.15	-1.165	-0.7631
2.6	0.237	1621	0.5467	2.307	-1.282	-0.7095
2.7	0.3686	1667	0.4272	2.433	-1.349	-0.6754
2.8	0.05498	1713	0.05523	2.565	-1.43	-0.7042
2.9	-0.4276	1748	-0.3456	2.496	-1.493	-0.7046
3	-0.8796	1844	-1.77	2.604	-1.58	-0.8815
3.1	0.1246	1913	0.2014	2.789	-1.742	-0.9055
3.2	1.111	1992	1.768	2.849	-1.839	-0.7179
3.3	0.08814	2089	0.2074	2.968	-1.976	-0.6971
3.4	-1.313	2150	-1.506	3.025	-1.963	-0.8295
3.5	1.513	2183	0.8215	2.968	-2.007	-0.7445
3.6	1.424	2281	2.318	3.185	-2.011	-0.5218
3.7	-0.8639	2381	-1.806	3.121	-2.144	-0.7382
3.8	-1.106	2469	-1.954	3.34	-2.185	-0.9118
3.9	-0.3801	2505	-0.3095	3.388	-2.137	-0.906
4	0.8713	2547	0.7984	3.396	-2.276	-0.8679
4.1	-0.9983	2606	-1.267	3.482	-2.251	-0.9715
4.2	-1.028	2692	-1.961	3.358	-2.456	-1.16
4.3	-0.3267	2751	-0.4539	3.513	-2.506	-1.179
4.4	-0.1424	2823	-0.2562	3.504	-2.648	-1.204
4.5	-0.5213	2853	-0.3799	3.633	-2.765	-1.24
4.6	-0.06772	2927	-0.1266	3.652	-2.916	-1.266
4.7	-0.6943	2969	-0.6016	3.562	-3.021	-1.383
4.8	0.2653	3040	0.4822	3.826	-3.281	-1.332
4.9	0.2737	3136	0.6495	3.822	-3.503	-1.192
5	0.7184	3182	0.763	3.853	-3.583	-1.142
5.1	0.07051	3266	0.151	3.9	-3.556	-1.116
5.2	0.9435	3307	0.8278	3.927	-3.683	-1.08
5.3	-0.3775	3392	-0.7008	4.135	-3.812	-1.097
5.4	-0.5587	3433	-0.5057	4.087	-3.844	-1.207
5.5	-0.2653	3521	-0.5975	3.999	-4.25	-1.271
5.6	-0.5993	3617	-1.355	4.047	-4.394	-1.389
5.7	1.379	3655	0.9584	4.301	-4.456	-1.294
5.8	-1.18	3699	-0.8925	4.059	-4.316	-1.388
5.9	-1.414	3786	-2.24	4.272	-4.437	-1.62
6	1.484	3864	1.852	4.063	-4.409	-1.447
6.1	-1.312	3927	-1.553	4.319	-4.408	-1.553
6.2	-0.5681	3993	-0.8469	4.106	-4.593	-1.637
6.3	1.481	4027	0.8885	4.148	-4.555	-1.567
6.4	-0.9481	4072	-0.8882	4.23	-4.616	-1.676
6.5	-0.1901	4129	-0.2635	4.301	-4.897	-1.721
6.6	1.571	4192	1.468	4.134	-4.903	-1.516
6.7	-0.1354	4290	-0.318	4.268	-5.136	-1.533
6.8	0.2592	4388	0.6416	4.198	-5.377	-1.455
6.9	-0.9215	4470	-1.631	4.157	-5.325	-1.625
7	-0.8796	4544	-1.461	4.181	-5.392	-1.835
7.1	0.236	4640	0.5232	4.099	-5.602	-1.731
7.2	1.016	4718	1.675	4.257	-5.753	-1.612
7.3	0.3016	4817	0.7507	4.019	-6.289	-1.533
7.4	1.507	4880	1.571	4.185	-6.17	-1.291
7.5	1.344	4946	1.607	4.279	-5.958	-1.155
7.6	1.269	5020	1.663	4.139	-6.131	-1.033
7.7	1.442	5118	2.301	4.12	-6.034	-0.7676
7.8	0.4451	5160	0.3942	4.183	-6.093	-0.7265
7.9	-1.407	5233	-1.794	4.41	-6.17	-0.8986
8	0.4948	5268	0.39	4.199	-6.546	-0.8691
8.1	-0.8449	5352	-1.508	4.322	-6.664	-1.018
8.2	0.03595	5394	0.0367	4.419	-6.427	-1.015
8.3	1.244	5439	0.9963	4.348	-6.454	-0.9501
8.4	1.222	5489	1.085	4.554	-6.683	-0.7851
8.5	-0.3629	5594	-0.9148	4.567	-6.722	-0.8794
8.6	-0.8812	5665	-1.395	4.581	-6.811	-1.033
8.7	-0.08378	5753	-0.1942	4.832	-6.856	-1.02
8.8	-1.492	5802	-1.279	4.79	-7.01	-1.197
8.9	0.3316	5858	0.4578	4.889	-7.411	-1.128
9	-1.375	5927	-1.607	4.853	-7.372	-1.268
9.1	-1.1	6002	-1.724	4.773	-7.468	-1.474
9.2	1.075	6037	0.7153	4.828	-7.509	-1.414
9.3	-1.252	6129	-2.135	5.08	-7.509	-1.6
9.4	0.1161	6156	0.08238	4.881	-7.275	-1.576
9.5	-0.8296	6226	-1.307	5.068	-7.692	-1.691
9.6	1.417	6293	1.643	4.918	-7.868	-1.542
9.7	1.4	6328	0.84	4.968	-7.652	-1.478
9.8	0.758	6408	1.272	4.891	-7.553	-1.378
9.9	-0.3775	6505	-0.8276	5.029	-7.845	-1.45
10	-0.1089	6572	-0.1609	5.1	-8.083	-1.409
10.1	0.2819	6604	0.211	5.109	-8.235	-1.431
10.2	-0.3555	6648	-0.4037	5.071	-8.171	-1.5
10.3	-1.216	6690	-0.9754	4.973	-8.291	-1.569
10.4	-0.6651	6770	-1.202	4.914	-8.359	-1.636
10.5	0.2937	6868	0.7384	4.946	-8.496	-1.567
10.6	-1.389	6911	-0.9941	5.144	-8.78	-1.731
10.7	-0.2592	6962	-0.3171	5.024	-8.901	-1.8
10.8	-0.6135	7018	-0.8063	4.952	-9.183	-1.826
10.9	-0.5465	7116	-1.328	4.837	-9.389	-1.973
11	-1.043	7169	-1.081	4.956	-8.984	-2.005
11.1	-1.505	7209	-0.9812	5.003	-8.986	-2.208
11.2	-0.2904	7295	-0.5527	4.596	-9.335	-2.179
11.3	1.158	7371	1.705	4.606	-9.299	-1.994
11.4	0.3648	7475	0.901	4.742	-9.598	-1.905
11.5	-0.01815	7519	-0.0201	4.56	-10.09	-1.946
11.6	0.5529	7606	1.188	4.635	-9.77	-1.797
11.7	-0.5393	7671	-0.7933	4.502	-9.796	-1.874
11.8	1.324	7737	1.655	4.582	-10.03	-1.715
11.9	-0.2566	7788	-0.3272	4.334	-10.25	-1.782
12	0.03386	7829	0.03688	4.312	-10.04	-1.779
12.1	-1.426	7881	-1.249	4.354	-10.25	-1.861
12.2	0.3993	7914	0.2972	4.374	-10.74	-1.927
12.3	0.1649	7979	0.2433	4.327	-10.68	-1.865
12.4	-0.08378	8020	-0.08946	4.426	-10.45	-1.911
12.5	1.072	8097	1.578	4.366	-10.42	-1.678
12.6	-0.4175	8189	-0.8364	4.243	-10.94	-1.852
12.7	-0.687	8238	-0.7649	4.219	-10.81	-1.879
12.8	-0.4887	8300	-0.7138	4.259	-10.82	-1.947
12.9	0.5184	8329	0.3534	4.278	-10.87	-1.852
13	-0.2541	8378	-0.2879	3.991	-11.32	-1.919
13.1	0.2539	8458	0.5043	4.131	-11.5	-1.868
13.2	1.257	8553	2.34	4.159	-11.67	-1.631
13.3	1.204	8629	1.589	4.077	-11.27	-1.512
13.4	-0.9802	8689	-1.213	4.078	-12.06	-1.654
13.5	0.1466	8718	0.09038	4.116	-11.78	-1.596
13.6	0.2937	8763	0.3433	3.911	-11.88	-1.611
13.7	1.553	8815	1.142	4.153	-11.53	-1.503
13.8	-0.1197	8877	-0.1922	4.008	-12.04	-1.463
13.9	0.9989	8927	1.04	4.016	-12.34	-1.405
14	1.571	8997	1.539	4.057	-11.98	-1.239
14.1	-1.129	9083	-1.959	4.16	-11.94	-1.432
14.2	-1.144	9121	-0.8308	4.205	-11.85	-1.459
14.3	0.1047	9162	0.1104	3.968	-12.07	-1.463
14.4	0.5529	9239	0.9514	4.196	-12.6	-1.405
14.5	0.1901	9275	0.1703	4.09	-12.81	-1.374
14.6	0.3665	9324	0.4341	4.239	-12.79	-1.319
14.7	-1.223	9405	-1.912	4.29	-12.34	-1.517
14.8	-0.9331	9454	-0.9626	4.166	-12.79	-1.58
14.9	1.089	9516	1.387	4.084	-13.11	-1.493
15	-0.7624	9583	-1.025	4.047	-13.24	-1.538
15.1	1.016	9614	0.6589	4.256	-12.75	-1.55
15.2	-1.531	9671	-1.303	4.298	-12.63	-1.607
15.3	-0.05184	9737	-0.08732	4.033	-13.32	-1.632
15.4	0.9989	9818	1.687	4.282	-13.69	-1.509
15.5	-1.558	9858	-0.957	4.24	-13.69	-1.556
15.6	-0.4021	9909	-0.4939	4.277	-13.27	-1.671
15.7	1.181	9939	0.6355	4.193	-13.84	-1.589
15.8	1.503	9986	1.141	4.027	-13.71	-1.426
15.9	1.422	10072	2.197	4.282	-13.47	-1.236
16	-0.3629	10164	-0.7515	4.174	-13.66	-1.288
16.1	-1.163	10209	-1.033	4.226	-13.43	-1.433
16.2	-1.186	10287	-1.78	4.231	-14.2	-1.617
16.3	1.474	10345	1.39	4.147	-14.22	-1.482
16.4	0.5817	10384	0.4826	4.284	-14.02	-1.445
16.5	1.155	10465	1.697	4.263	-14.11	-1.217
16.6	0.2073	10499	0.1617	4.246	-14.18	-1.188
16.7	-1.317	10532	-0.8182	4.253	-14.21	-1.266
16.8	0.4538	10602	0.7095	4.301	-14.08	-1.23
16.9	-0.9989	10658	-1.091	4.276	-14.57	-1.33
17	0.9749	10720	1.173	4.474	-13.93	-1.184
17.1	-0.7037	10776	-0.9052	4.415	-14.31	-1.333
17.2	0.8545	10866	1.591	4.554	-14.88	-1.168
17.3	0.5082	10942	0.8695	4.495	-14.3	-1.067
17.4	-0.4712	10988	-0.4921	4.725	-14.53	-1.085
17.5	-1.382	11032	-0.9874	4.457	-14.55	-1.187
17.6	-0.7697	11115	-1.441	4.593	-15.3	-1.353
17.7	-0.4674	11165	-0.5595	4.52	-15.25	-1.406
17.8	1.34	11204	0.9907	4.572	-14.82	-1.35
17.9	0.7948	11244	0.685	4.591	-15.19	-1.265
18	-1.402	11298	-1.236	4.692	-14.91	-1.379
18.1	-0.1234	11329	-0.08525	4.613	-15.14	-1.374
18.2	-1.264	11371	-0.9143	4.712	-15.63	-1.441
18.3	0.476	11432	0.6269	4.871	-15.45	-1.42
18.4	-0.432	11483	-0.4981	4.839	-15.25	-1.428
18.5	-0.3047	11580	-0.7129	4.618	-16.25	-1.497
18.6	-0.4948	11674	-1.004	4.617	-15.5	-1.678
18.7	1.319	11752	1.833	4.809	-15.55	-1.435
18.8	-0.5627	11813	-0.7585	4.915	-15.84	-1.526
18.9	-1.368	11849	-0.7972	4.629	-15.85	-1.656
19	-0.3592	11902	-0.462	4.622	-16.13	-1.702
19.1	1.304	11937	0.8588	4.907	-16.32	-1.617
19.2	-0.7051	12023	-1.274	4.754	-16.31	-1.67
19.3	0.3115	12090	0.4831	4.689	-16.13	-1.624
19.4	-1.078	12183	-1.963	4.625	-16.55	-1.822
19.5	-1.3	12260	-1.895	4.655	-16.43	-1.984
19.6	-1.564	12363	-2.402	4.836	-17.11	-2.31
19.7	-0.2178	12440	-0.4246	4.703	-16.41	-2.398
19.8	0.1016	12534	0.2286	4.284	-16.91	-2.374
19.9	0.2053	12587	0.2628	4.207	-16.83	-2.234
20	-1.106	12683	-2.171	4.226	-17.75	-2.565
20.1	0.5163	12717	0.4208	4.128	-17.8	-2.524
20.2	-0.8531	12789	-1.342	4.112	-17	-2.557
20.3	-0.4232	12888	-1.005	3.809	-16.93	-2.708
20.4	1.246	12921	0.7134	3.862	-17.82	-2.659
20.5	-1.173	12965	-0.9497	3.939	-17.31	-2.643
20.6	-0.3482	13061	-0.9056	3.58	-17.4	-2.7
20.7	0.3934	13105	0.3959	3.598	-17.97	-2.825
20.8	0.5306	13137	0.4245	3.397	-17.29	-2.782
20.9	1.222	13223	1.891	3.374	-17.5	-2.437
21	1.271	13310	2.036	3.42	-18.26	-2.371
21.1	0.6941	13363	0.9043	3.356	-17.27	-2.193
21.2	0.9983	13419	1.171	3.213	-18.05	-2.06
21.3	0.7371	13493	1.109	3.315	-17.99	-1.929
21.4	1.301	13567	1.649	3.296	-18.4	-1.78
21.5	-0.2566	13642	-0.4465	3.06	-18.02	-1.88
21.6	-0.7948	13735	-1.6	3.194	-17.79	-1.997
21.7	0.2653	13761	0.1741	3.167	-18.4	-1.979
21.8	0.7299	13855	1.483	3.105	-18.56	-1.793
21.9	1.388	13917	1.54	3.101	-18.77	-1.642
22	-0.9695	13994	-1.513	2.9	-18.32	-1.845
22.1	0.06702	14042	0.07876	2.989	-18.8	-1.837
22.2	0.6566	14133	1.301	2.897	-18.39	-1.757
22.3	1.067	14231	2.186	2.981	-18.88	-1.462
22.4	-0.899	14294	-1.198	2.896	-18.97	-1.592
22.5	-1.123	14346	-1.162	2.862	-19.21	-1.753
22.6	0.4032	14402	0.5333	2.992	-19.92	-1.715
22.7	0.2985	14484	0.5992	2.864	-20.11	-1.573
22.8	0.6367	14512	0.385	2.805	-18.99	-1.597
22.9	-0.8456	14548	-0.6592	2.948	-20.03	-1.618
23	1.129	14647	2.26	2.923	-20.12	-1.448
23.1	-1.228	14739	-2.182	2.812	-19.82	-1.579
23.2	-0.1618	14772	-0.1179	2.836	-19.3	-1.64
23.3	-1.061	14856	-1.922	2.963	-19.8	-1.841
23.4	1.127	14955	2.25	2.806	-20.09	-1.572
23.5	-0.2819	15045	-0.643	2.765	-20.9	-1.7
23.6	1.406	15120	1.898	2.85	-20.53	-1.494
23.7	1.039	15176	1.26	2.861	-19.99	-1.315
23.8	1.478	15251	1.643	2.781	-20.62	-1.218
23.9	1.368	15287	0.8675	2.931	-20.63	-1.071
24	-1.155	15312	-0.5686	2.857	-20.25	-1.127
24.1	-0.8189	15354	-0.7415	2.883	-19.9	-1.184
24.2	-0.01798	15432	-0.03298	3.066	-20.9	-1.248
24.3	0.2155	15464	0.1784	3.093	-21.39	-1.17
24.4	-0.5817	15491	-0.3645	3.022	-21.03	-1.254
24.5	1.015	15539	0.9288	3.045	-20.46	-1.111
24.6	-0.8296	15626	-1.461	3.06	-20.37	-1.338
24.7	-0.7372	15654	-0.4583	3.103	-20.63	-1.32
24.8	0.4105	15717	0.6029	3.169	-20.97	-1.273
24.9	-0.2178	15792	-0.3816	3.214	-21.14	-1.339
25	-0.1862	15877	-0.4081	3.227	-21.98	-1.392
25.1	1.571	15914	0.8848	3.131	-22.2	-1.297
25.2	-0.2681	15992	-0.5575	3.377	-21.73	-1.365
25.3	1.111	16077	1.844	3.405	-22.03	-1.111
25.4	-0.1901	16123	-0.209	3.285	-21.25	-1.178
25.5	-0.9718	16181	-1.265	3.345	-22.64	-1.291
25.6	-0.6535	16268	-1.255	3.316	-22.59	-1.375
25.7	0.7084	16311	0.6628	3.365	-22.45	-1.322
25.8	-0.4712	16378	-0.7722	3.497	-22.14	-1.395
25.9	-1.223	16457	-1.886	3.362	-22.2	-1.544
26	1.471	16560	2.399	3.398	-22.66	-1.379
26.1	0.6048	16630	1.024	3.611	-22.81	-1.288
26.2	-0.6739	16678	-0.7947	3.532	-22.44	-1.327
26.3	0.2321	16766	0.5137	3.478	-23.32	-1.251
26.4	0.3686	16838	0.6896	3.64	-23.48	-1.232
26.5	-1.437	16921	-2.005	3.536	-23.27	-1.429
26.6	1.361	16995	1.694	3.545	-22.62	-1.191
26.7	-1.555	17039	-0.9896	3.728	-22.39	-1.331
26.8	1.571	17119	1.876	3.696	-22.4	-1.149
26.9	1.163	17218	2.141	3.817	-22.94	-0.887
27	-0.6632	17284	-1.01	3.888	-23.27	-1.036
27.1	1.136	17379	1.954	3.762	-22.65	-0.8079
27.2	-0.6329	17473	-1.289	3.833	-23.02	-0.968
27.3	0.4054	17544	0.6809	4.049	-23.61	-0.8809
27.4	-0.962	17583	-0.718	4.082	-23.18	-0.9629
27.5	-1.322	17641	-1.381	4.06	-24.4	-1.054
27.6	-0.4887	17730	-0.9794	4.095	-24.09	-1.172
27.7	-0.7933	17785	-0.9184	4.21	-23.94	-1.278
27.8	0	17876	0	4.358	-23.91	-1.303
27.9	-0.5875	17978	-1.304	4.188	-23.62	-1.385
28	0.6798	18078	1.659	4.318	-24.53	-1.253
28.1	-0.5079	18138	-0.7422	4.442	-24.66	-1.343
28.2	0.9783	18231	1.957	4.437	-24.02	-1.168
28.3	-0.5472	18286	-0.7205	4.347	-25.12	-1.244
28.4	0.788	18353	1.133	4.53	-24.48	-1.118
28.5	1.571	18395	0.9804	4.487	-24.49	-0.9777
28.6	-0.5445	18434	-0.493	4.667	-24.56	-1.025
28.7	-0.5082	18516	-0.8988	4.701	-25.46	-1.124
28.8	0.6716	18574	0.883	4.803	-24.55	-1.066
28.9	0.4538	18647	0.7188	4.648	-25.95	-0.9824
29	1.228	18715	1.598	4.785	-26.01	-0.8191
29.1	1.009	18770	1.171	4.881	-25.03	-0.7005
29.2	0.05027	18808	0.04859	4.904	-25.86	-0.7026
29.3	-0.617	18873	-0.8502	4.994	-25.17	-0.7805
29.4	-0.8203	18959	-1.482	4.983	-25.8	-0.9334
29.5	-0.5213	19018	-0.6968	5.262	-26.16	-1.005
29.6	1.252	19048	0.6595	5.223	-25.92	-0.9481
29.7	-0.7257	19080	-0.5295	5.097	-25.71	-1.029
29.8	-0.09948	19110	-0.07291	5.24	-26.03	-1.027
29.9	1.1	19186	1.633	5.505	-26.36	-0.8464
30	-0.4901	19280	-1.002	5.577	-25.99	-0.9278
30.1	-1.551	19350	-1.667	5.307	-26.52	-1.11
30.2	1.075	19432	1.758	5.575	-26.86	-0.941
30.3	-0.6875	19532	-1.638	5.453	-26.23	-1.12
30.4	1.484	19586	1.36	5.577	-26.78	-0.9734
30.5	1.072	19614	0.6653	5.539	-26.01	-0.9171
30.6	1.257	19681	1.502	5.515	-27.37	-0.7608
30.7	1.484	19723	0.978	5.578	-26.58	-0.6344
30.8	0.7084	19788	0.9943	5.966	-25.85	-0.5523
30.9	0.3993	19823	0.3347	5.979	-26.95	-0.5191
31	1.012	19864	0.8534	5.968	-26.18	-0.4229
31.1	-0.2178	19950	-0.4914	5.918	-26.53	-0.4584
31.2	0.2985	20022	0.5556	6.258	-27.41	-0.4034
31.3	-0.8894	20093	-1.355	6.355	-26.66	-0.5695
31.4	0.4571	20130	0.3851	6.23	-27.24	-0.5076
31.5	-0.6048	20193	-0.8506	6.468	-26.22	-0.585
31.6	1.287	20261	1.668	6.634	-27.33	-0.4307
31.7	-0.5697	20307	-0.5666	6.717	-26.82	-0.4923
31.8	-1.204	20349	-0.9218	6.483	-26.3	-0.5826
31.9	0.5529	20407	0.7966	6.787	-27.45	-0.4937
32	-0.8531	20475	-1.137	6.947	-27.24	-0.6372
32.1	-1.301	20525	-1.136	6.908	-27.26	-0.7519
32.2	-0.5573	20596	-0.9412	7.017	-28.19	-0.8059
32.3	1.053	20670	1.504	7.229	-27.43	-0.6771
32.4	-0.2904	20728	-0.3978	7.333	-27.24	-0.7082
32.5	-0.0356	20807	-0.0636	7.255	-28.19	-0.7004
32.6	1.539	20870	1.64	7.121	-28.2	-0.5696
32.7	-0.325	20926	-0.4235	7.593	-27.99	-0.6068
32.8	1.434	20993	1.615	7.387	-28.28	-0.4292
32.9	-0.7461	21023	-0.5102	7.73	-28.3	-0.4911
33	0.6231	21119	1.291	7.452	-28.38	-0.3665
33.1	-0.134	21153	-0.1208	7.527	-28.13	-0.3672
33.2	-0.178	21247	-0.4006	8.049	-27.66	-0.4192
33.3	-0.121	21343	-0.3021	7.948	-27.76	-0.4456
33.4	-1.478	21434	-2.43	8.3	-27.78	-0.6659
33.5	1.125	21511	1.803	8.377	-27.83	-0.5042
33.6	1.156	21539	0.6159	8.4	-28.96	-0.4438
33.7	-1.476	21567	-0.6825	8.401	-28.68	-0.4863
33.8	1.244	21661	2.128	8.467	-28.15	-0.2847
33.9	-1.474	21728	-1.751	8.64	-28.99	-0.4622
34	0.1197	21787	0.162	8.344	-29.05	-0.436
34.1	-0.7707	21840	-0.8563	8.418	-28.81	-0.5355
34.2	0.5697	21913	0.9588	8.906	-29.17	-0.4169
34.3	0.8121	22013	1.811	8.706	-29.22	-0.2445
34.4	0.9948	22100	1.827	8.729	-28.67	-0.06654
34.5	-0.6772	22168	-1.137	9.312	-29.26	-0.1766
34.6	0.432	22252	0.9367	9.599	-27.58	-0.08913
34.7	1.321	22351	2.234	9.367	-27.86	0.1352
34.8	-1.228	22418	-1.469	9.429	-29	-0.01062
34.9	1.234	22481	1.501	9.291	-28.42	0.1327
35	-1.03	22586	-2.146	9.896	-28.42	-0.07901
35.1	-1.246	22674	-2.112	9.69	-27.87	-0.284
35.2	0.2709	22711	0.2571	9.874	-27.61	-0.2664
35.3	-0.05079	22807	-0.1297	10.21	-27.95	-0.2794
35.4	-1.043	22868	-1.24	10.08	-28.55	-0.3888
35.5	-0.3555	22936	-0.5717	10.12	-28.61	-0.4448
35.6	0.3316	22982	0.3793	10.52	-29.23	-0.4246
35.7	0.3775	23016	0.302	10.18	-28.97	-0.3825
35.8	0.5112	23063	0.5772	10.38	-27.86	-0.338
35.9	0.1539	23130	0.265	10.43	-29.06	-0.3115
36	1.071	23221	1.957	11.08	-28.51	-0.1046
36.1	-1.454	23295	-1.778	10.99	-28.8	-0.2743
36.2	1.571	23362	1.546	11.1	-27.94	-0.1307
36.3	-0.1571	23457	-0.3611	11.23	-29.12	-0.1678
36.4	0.754	23541	1.388	11.48	-28.85	-0.02759
36.5	1.111	23639	2.25	11.59	-28.55	0.1889
36.6	0.0171	23705	0.02769	11.75	-28.24	0.1954
36.7	-0.3316	23790	-0.6928	11.37	-28.78	0.1206
36.8	0.9168	23851	1.151	12.04	-28.19	0.2301
36.9	-0.4618	23930	-0.8878	12.23	-28.44	0.1414
37	1.429	23998	1.536	12.14	-28.44	0.2877
37.1	-0.2199	24061	-0.3132	11.81	-28.97	0.2567
37.2	0.4492	24141	0.8245	12.58	-28.06	0.347
37.3	-0.7775	24245	-1.753	12.01	-28.3	0.1682
37.4	-0.754	24332	-1.395	12.52	-29.14	0.03204
37.5	-1.571	24427	-2.348	12.65	-28.57	-0.1927
37.6	0.141	24466	0.1266	12.49	-28.02	-0.1795
37.7	-0.4665	24514	-0.5114	12.97	-27.75	-0.2245
37.8	-1.071	24566	-1.182	12.78	-27.77	-0.3416
37.9	0.3142	24669	0.7061	12.87	-29.56	-0.2789
38	0.01658	24699	0.01381	13.33	-28.15	-0.2721
38.1	0	24740	0	13.17	-29.61	-0.2613
38.2	0.1524	24776	0.1358	13.12	-29.63	-0.2538
38.3	1.507	24876	2.308	12.99	-28.19	-0.01356
38.4	-1.317	24954	-1.951	13.16	-28.77	-0.2068
38.5	-0.8378	25019	-1.189	13.12	-28.8	-0.3117
38.6	1.202	25066	1.08	13.29	-28.52	-0.2036
38.7	0.9311	25095	0.6005	13.06	-29.68	-0.1486
38.8	-1.426	25187	-2.32	13.62	-29.68	-0.3769
38.9	-1.061	25243	-1.283	13.13	-29.42	-0.5177
39	0.5875	25274	0.389	13.59	-29.16	-0.4671
39.1	-1.223	25344	-1.676	13.77	-29.19	-0.6331
39.2	-1.025	25372	-0.528	13.67	-28.63	-0.696
39.3	1.261	25465	2.176	13.44	-29.25	-0.457
39.4	-0.2269	25526	-0.3389	13.99	-29.32	-0.5054
39.5	-0.4629	25602	-0.8341	13.85	-29.99	-0.5989
39.6	-1.426	25689	-2.085	13.72	-29.12	-0.7977
39.7	-0.8639	25768	-1.34	14.5	-28.92	-0.9293
39.8	-0.3814	25837	-0.6203	13.74	-30.22	-1.002
39.9	0.5815	25932	1.274	14.7	-29.49	-0.8771
40	-0.4032	26027	-0.8109	13.97	-30.24	-0.9791
40.1	0.6941	26086	0.8995	14.03	-29.14	-0.8854
40.2	0.9676	26119	0.6648	14.78	-30.06	-0.825
40.3	-1.4	26187	-1.704	14.8	-30.09	-0.9536
40.4	-1.144	26290	-2.291	14.84	-28.97	-1.178
40.5	-1.05	26392	-2.039	14.29	-29.97	-1.415
40.6	-0.8449	26489	-1.812	14.74	-29.23	-1.622
40.7	0.8901	26580	1.658	14.89	-29.37	-1.464
40.8	0.6393	26631	0.7755	14.91	-29.77	-1.334
40.9	1.022	26730	1.957	14.95	-29.88	-1.152
41	1.181	26811	1.955	14.7	-30.56	-0.9908
41.1	-0.6702	26876	-1.05	14.32	-29.74	-1.084
41.2	0.5472	26923	0.6094	14.51	-31.67	-1.03
41.3	0.4189	26966	0.4257	15.31	-30.82	-0.9592
41.4	0.3491	27022	0.4928	14.79	-30	-0.884
41.5	1.24	27087	1.518	14.82	-30.65	-0.7382
41.6	-0.2541	27136	-0.3026	15.21	-30.42	-0.7589
41.7	1.522	27199	1.512	15.51	-31.98	-0.6327
41.8	-0.3974	27277	-0.7331	15.5	-31.78	-0.7145
41.9	-0.835	27362	-1.505	14.84	-30.63	-0.8869
42	1.257	27415	1.294	15.63	-30.97	-0.7134
42.1	1.571	27477	1.541	15.63	-30.35	-0.5975
42.2	-1.385	27534	-1.347	15.8	-31.3	-0.7191
42.3	0.2618	27572	0.2303	15.41	-31.36	-0.6887
42.4	-1.04	27619	-0.9591	15.61	-30.45	-0.7786
42.5	-0.622	27681	-0.9471	15.07	-32.12	-0.8972
42.6	1.357	27738	1.315	15.41	-31.51	-0.7643
42.7	-0.3173	27806	-0.5385	15.99	-32.26	-0.8187
42.8	0.713	27860	0.9401	15.91	-32.65	-0.7418
42.9	-0.9774	27891	-0.6497	16.25	-31.73	-0.7598
43	0.3016	27917	0.215	15.51	-31.14	-0.7857
43.1	-1.274	27971	-1.305	15.69	-31.16	-0.9073
43.2	-0.965	28071	-1.917	15.6	-31.27	-1.098
43.3	1.448	28166	2.429	16.42	-30.99	-0.8815
43.4	-0.1466	28265	-0.3314	15.78	-31.16	-0.863
43.5	0.3421	28329	0.5456	16.04	-31.92	-0.8501
43.6	-0.1745	28420	-0.3597	16.34	-32.73	-0.8879
43.7	1.538	28507	2.026	15.85	-33.05	-0.6661
43.8	-0.1524	28535	-0.1048	15.9	-31.47	-0.6494
43.9	-0.4145	28578	-0.4381	16.96	-33.48	-0.7151
44	-0.755	28606	-0.4828	16.51	-31.89	-0.7611
44.1	0.3449	28660	0.4279	16.92	-32.62	-0.7275
44.2	-1.1	28695	-0.7882	17.12	-32	-0.8208
44.3	0.1602	28787	0.3386	16.28	-32.15	-0.7852
44.4	-1.06	28852	-1.344	16.66	-33.52	-0.8787
44.5	0.9849	28952	1.937	17.43	-33.61	-0.7088
44.6	0.2908	28995	0.3165	17.17	-33.02	-0.6494
44.7	0.2178	29064	0.3975	16.63	-32.79	-0.6353
44.8	1.246	29152	1.908	17.03	-33.49	-0.4383
44.9	0.6135	29188	0.5173	17.09	-32.85	-0.3876
45	0.03526	29244	0.04631	16.87	-33.9	-0.3717
45.1	0.2819	29321	0.5987	17.92	-32.63	-0.3179
45.2	1.019	29404	1.636	17.67	-33.32	-0.1492
45.3	-0.6458	29503	-1.447	18.39	-33.03	-0.3059
45.4	-1.546	29587	-2.068	17.51	-33.04	-0.4999
45.5	1.534	29674	2.038	18.24	-32.71	-0.3126
45.6	-0.7184	29767	-1.586	17.5	-32.77	-0.4744
45.7	0.5864	29821	0.7237	18.5	-33.82	-0.3744
45.8	-0.962	29847	-0.5249	18.35	-34.51	-0.4325
45.9	-1.198	29903	-1.187	17.67	-34.2	-0.5747
46	-0.05184	29960	-0.07322	18.16	-33.6	-0.5657
46.1	-1.466	30060	-2.273	17.99	-33.96	-0.8265
46.2	-1.14	30118	-1.231	18.21	-34.34	-0.9095
46.3	0.2337	30208	0.474	18.34	-33.82	-0.8635
46.4	1.234	30265	1.256	18.92	-33.52	-0.7693
46.5	1.129	30310	0.9668	18.59	-34.56	-0.6556
46.6	-0.1587	30344	-0.1204	19.02	-33.93	-0.6883
46.7	-0.7449	30400	-0.9283	18.16	-34.34	-0.7392
46.8	0.5808	30426	0.3449	19.33	-34.37	-0.7137
46.9	1.357	30492	1.708	18.98	-33.03	-0.5599
47	-0.1185	30589	-0.2814	18.99	-33.5	-0.6121
47.1	-0.4492	30667	-0.9064	18.75	-33.61	-0.6746
47.2	1.454	30718	1.271	18.76	-34.98	-0.5592
47.3	0.576	30779	0.8169	18.87	-33.67	-0.4845
47.4	-0.4447	30846	-0.6888	19.19	-34.78	-0.5351
47.5	1.122	30928	1.784	19.66	-35.16	-0.3673
47.6	0.2539	30974	0.2776	20.16	-35.2	-0.3342
47.7	-1.34	31006	-0.7503	19.39	-33.48	-0.4164
47.8	0.1368	31072	0.2181	20.31	-34.23	-0.3948
47.9	-0.3526	31131	-0.482	19.64	-33.59	-0.4227
48	-0.2541	31166	-0.2019	20.31	-35.7	-0.4423
48.1	1.393	31227	1.417	19.74	-35.02	-0.3176
48.2	-1.437	31314	-2.162	19.76	-35.38	-0.5109
48.3	0.1173	31389	0.2236	19.92	-34.77	-0.4942
48.4	-0.5875	31481	-1.13	20.07	-34.52	-0.6305
48.5	0.1161	31512	0.09458	20.34	-34.21	-0.6028
48.6	-1.451	31609	-2.367	19.74	-35.63	-0.8725
48.7	-0.4492	31673	-0.6938	21.06	-35.03	-0.9498
48.8	-1.249	31757	-1.963	19.86	-35.43	-1.115
48.9	-0.5756	31823	-0.8787	20.94	-35.91	-1.229
49	1.177	31893	1.508	21.17	-34.2	-1.05
49.1	0.2513	31984	0.5936	20.25	-35.44	-1.023
49.2	1.21	32056	1.464	20.7	-34.42	-0.8575
49.3	-1.326	32106	-1.215	20.72	-35.51	-0.9502
49.4	-0.2178	32159	-0.2424	20.99	-34.54	-0.9951
49.5	-1.448	32239	-1.936	20.6	-34.93	-1.206
49.6	-0.9774	32293	-1.079	20.2	-36.43	-1.287
49.7	1.283	32350	1.494	20.63	-36.82	-1.144
49.8	1.38	32379	0.6494	21.06	-36.48	-1.091
49.9	0.6301	32407	0.3998	20.46	-36.17	-1.05
50	-1.338	32442	-0.7581	20.47	-36.9	-1.153
50.1	0	32504	0	20.74	-35.61	-1.108
50.2	-1.002	32588	-1.793	20.36	-36.43	-1.339
50.3	0.2487	32630	0.2641	20.81	-35.44	-1.286
50.4	-0.1161	32705	-0.2018	21.07	-35.97	-1.282
50.5	-0.8985	32743	-0.7423	21.08	-36.39	-1.327
50.6	-1.343	32841	-2.22	20.45	-35.36	-1.629
50.7	0.2199	32927	0.4213	20.88	-37.39	-1.6
50.8	-1.441	32972	-1.126	21.3	-37.03	-1.666
50.9	-0.8029	32998	-0.4361	20.45	-35.98	-1.66
51	-0.05341	33026	-0.0324	21.28	-35.67	-1.715
51.1	-1.424	33081	-1.314	21.28	-35.68	-1.796
51.2	-1.371	33126	-1.063	20.64	-37.17	-1.976
51.3	0.4538	33180	0.5026	21.66	-38.02	-1.846
51.4	1.454	33228	1.221	21.44	-36.18	-1.786
51.5	-1.008	33302	-1.491	20.57	-36.28	-1.911
51.6	1.51	33355	1.242	20.78	-37.77	-1.837
51.7	1.478	33409	1.292	21.62	-37.04	-1.641
51.8	0.07051	33470	0.09759	20.97	-37.19	-1.698
51.9	-0.3526	33540	-0.57	21.58	-37.72	-1.671
52	0.07191	33611	0.1141	21.35	-38.27	-1.711
52.1	1.531	33663	1.349	21.14	-37.9	-1.563
52.2	1.374	33699	0.9187	20.51	-36.41	-1.477
52.3	1.41	33757	1.398	20.72	-38.69	-1.309
52.4	-0.8545	33852	-1.903	21.37	-36.95	-1.5
52.5	-1.106	33883	-0.6461	20.53	-36.98	-1.562
52.6	-0.9439	33933	-0.9272	21.36	-37.43	-1.719
52.7	0.1037	34013	0.2011	21.13	-38.38	-1.665
52.8	1.442	34099	1.955	20.3	-37.65	-1.505
52.9	-0.8894	34136	-0.7203	20.93	-38.85	-1.565
53	-0.01798	34175	-0.01748	21.56	-38.57	-1.49
53.1	1.456	34266	2.278	21.56	-37.82	-1.319
53.2	-0.2904	34355	-0.5901	21.4	-39.56	-1.394
53.3	-1.382	34427	-1.885	20.78	-38.06	-1.532
53.4	-0.3648	34503	-0.6712	20.57	-37.45	-1.631
53.5	0.4276	34573	0.6771	21.61	-38.76	-1.56
53.6	-0.6329	34640	-0.9985	21.4	-40.05	-1.591
53.7	-1.199	34724	-1.941	21.18	-39.74	-1.845
53.8	-0.2765	34791	-0.4546	20.72	-38.72	-1.908
53.9	-0.7261	34836	-0.6664	21.53	-39.58	-1.959
54	-1.168	34869	-0.7335	20.68	-39.21	-2.055
54.1	1.405	34961	2.241	20.46	-39.24	-1.737
54.2	1.571	35037	1.828	21.3	-38.84	-1.596
54.3	0.4948	35087	0.5736	21.51	-40.53	-1.538
54.4	1.111	35129	0.8856	20.67	-38.6	-1.434
54.5	-1.317	35168	-0.9757	20.67	-40.59	-1.512
54.6	1.571	35269	2.356	20.47	-39.42	-1.279
54.7	-1.139	35336	-1.575	21.11	-39.1	-1.459
54.8	-0.8456	35412	-1.378	21.11	-39.21	-1.661
54.9	0.3648	35461	0.4235	21.53	-38.52	-1.601
55	-0.6964	35502	-0.6188	21.52	-40.58	-1.628
55.1	-1.486	35569	-1.591	21.31	-38.61	-1.774
55.2	0.7147	35670	1.468	20.24	-38.78	-1.641
55.3	1.558	35731	1.486	20.45	-39.6	-1.527
55.4	-0.07121	35773	-0.06711	21.5	-39.69	-1.519
55.5	0.3801	35853	0.8109	20.48	-41.49	-1.398
55.6	1.078	35909	1.179	21.12	-40.75	-1.345
55.7	-0.134	35961	-0.1808	20.94	-41.69	-1.338
55.8	1.111	36021	1.364	21.59	-39.31	-1.222
55.9	-1.428	36055	-0.806	20.96	-40.13	-1.284
56	-0.9872	36084	-0.641	21.18	-39.77	-1.372
56.1	1.173	36180	2.181	21.64	-41.08	-1.11
56.2	1.474	36222	1.097	21.65	-40.69	-1.037
56.3	0.4363	36319	1.015	20.71	-39.64	-0.9085
56.4	-1.473	36360	-0.9314	20.5	-40.46	-1.026
56.5	0.6433	36405	0.6693	21.19	-40.94	-0.9698
56.6	0.4189	36467	0.6174	20.63	-40.64	-0.8598
56.7	-0.9695	36527	-1.197	21.53	-39.88	-1.011
56.8	-0.733	36607	-1.327	21.82	-41.25	-1.177
56.9	0.03456	36642	0.03238	20.78	-42.15	-1.128
57	-0.1634	36703	-0.2182	22.13	-40.21	-1.173
57.1	-1.264	36732	-0.6187	20.85	-40.65	-1.224
57.2	-0.5519	36762	-0.4075	21.51	-41.12	-1.301
57.3	-0.8121	36816	-0.9576	21.32	-42.46	-1.402
57.4	0.03316	36883	0.05484	22.22	-40.95	-1.329
57.5	0.6283	36911	0.4393	20.94	-42.68	-1.314
57.6	-0.3686	36989	-0.6551	22.05	-42.01	-1.355
57.7	-0.1326	37049	-0.2063	22.3	-43.42	-1.432
57.8	-0.3702	37080	-0.2781	21.23	-41.38	-1.431
57.9	-0.8189	37112	-0.5309	21.23	-42.28	-1.501
58	-1.05	37171	-1.262	21.67	-42.78	-1.596
58.1	-0.3026	37267	-0.7104	21.43	-41.31	-1.633
58.2	0.4571	37333	0.7575	21.2	-42.3	-1.577
58.3	-0.6603	37418	-1.398	20.97	-43.75	-1.761
58.4	1.202	37497	1.96	20.97	-43.39	-1.554
58.5	1.307	37601	2.497	21.41	-44.3	-1.274
58.6	-0.8552	37638	-0.6868	21.2	-42.63	-1.394
58.7	-1.384	37707	-1.65	21.86	-43.1	-1.53
58.8	-1.26	37744	-0.8252	21.42	-42.69	-1.596
58.9	-1.324	37784	-0.9613	21.42	-43.14	-1.754
59	-0.758	37842	-0.9064	20.97	-42.38	-1.87
59.1	-1.1	37921	-1.732	21.16	-42.89	-1.951
59.2	0.5519	37961	0.5203	21.55	-44.71	-1.976
59.3	-1.025	38042	-1.617	21.72	-43.5	-2.159
59.4	-1.29	38119	-1.879	22.13	-43.1	-2.335
59.5	-0.06842	38209	-0.1572	21.34	-43.7	-2.259
59.6	-0.6135	38295	-1.296	21.22	-42.5	-2.359
59.7	-1.354	38334	-0.9521	21.42	-43.83	-2.602
59.8	0.791	38383	0.8772	21.77	-45.2	-2.394
59.9	0.9989	38474	1.812	21.69	-44.4	-2.237
60	0.1618	38521	0.171	20.99	-42.72	-2.198
60.1	1.486	38604	2.052	21.19	-43.18	-1.998
60.2	1.388	38666	1.377	20.55	-44.08	-1.896
60.3	0.1693	38763	0.4134	20.27	-45.63	-1.835
60.4	-0.1824	38857	-0.421	20.21	-44.96	-1.952
60.5	0.4887	38896	0.4494	20.4	-44.59	-1.813
60.6	0.2697	38922	0.1635	20.59	-44.2	-1.888
60.7	0.496	38989	0.7893	21.18	-44.34	-1.789
60.8	-0.134	39040	-0.1725	20.33	-44.01	-1.771
60.9	-1.456	39087	-1.07	20.32	-45.82	-1.883
61	-1.078	39119	-0.7433	20.1	-45.4	-1.995
61.1	-0.9887	39184	-1.254	20.69	-45.48	-2.124
61.2	-0.08552	39231	-0.09318	21.25	-46.48	-2.071
61.3	1.008	39279	0.9747	21.22	-45.64	-2.055
61.4	0.4524	39326	0.4975	20.98	-46.64	-1.962
61.5	-0.06772	39365	-0.06848	20.12	-44.46	-1.93
61.6	0.2566	39401	0.229	21.11	-46.36	-1.908
61.7	0.728	39435	0.5469	20.89	-44.14	-1.872
61.8	-0.1977	39483	-0.2226	20.03	-44.71	-1.876
61.9	-1.571	39570	-2.132	19.83	-47	-2.108
62	1.371	39599	0.6763	20.02	-46.55	-1.98
62.1	0.363	39688	0.7631	20.75	-45.83	-1.966
62.2	-0.8109	39771	-1.539	20.89	-45.96	-2.112
62.3	1.18	39817	1.041	19.86	-45.99	-1.989
62.4	-0.1079	39907	-0.2306	19.56	-47.57	-2.073
62.5	-1.168	39975	-1.474	20.74	-47.62	-2.246
62.6	-0.2199	40050	-0.3637	20.44	-46.84	-2.173
62.7	-0.01693	40125	-0.03245	19.53	-47.45	-2.265
62.8	1.097	40162	0.8484	19.5	-47.49	-2.204
62.9	-0.1997	40239	-0.3372	19.6	-46.24	-2.174
63	-0.01728	40326	-0.0366	20.07	-45.48	-2.2
63.1	-1.216	40400	-1.636	20.22	-46.94	-2.385
63.2	-0.7505	40469	-1.166	19.54	-47.02	-2.402
63.3	1.38	40527	1.375	19.52	-46.1	-2.297
63.4	-0.3316	40621	-0.7887	18.98	-45.78	-2.395
63.5	-0.6171	40702	-1.176	19.43	-46.36	-2.51
63.6	-1.271	40794	-2.067	19.75	-48.77	-2.63
63.7	-1.521	40884	-2.046	18.97	-47.82	-2.922
63.8	0.9215	40935	1.076	18.9	-46.89	-2.843
63.9	-1.307	41012	-1.779	18.65	-45.96	-2.905
64	-0.1368	41081	-0.2449	19.05	-46.46	-2.959
64.1	0.6393	41146	1.014	18.73	-47.9	-2.977
64.2	-1.536	41193	-1.094	18.92	-47.9	-3.001
64.3	-0.5465	41226	-0.4088	19.22	-46.01	-3.012
64.4	0.1161	41299	0.2227	18.85	-46.02	-3.113
64.5	-0.9578	41355	-1.16	18.4	-46.5	-3.073
64.6	0.4538	41438	0.9475	18.76	-47.45	-3.17
64.7	0.04974	41475	0.04735	17.94	-48.88	-3.011
64.8	1.258	41514	0.8875	18.27	-47.46	-2.927
64.9	-1.058	41602	-1.777	18.34	-48.42	-3.206
65	-0.1016	41696	-0.2352	17.58	-46.04	-3.197
65.1	1.26	41795	2.357	17.35	-46.99	-2.904
65.2	0.9948	41844	0.9481	17.11	-47.48	-2.781
65.3	-0.962	41930	-1.794	17.87	-46.55	-3.131
65.4	-0.1745	42006	-0.3111	17.69	-48.94	-3.132
65.5	-0.8269	42044	-0.6817	17.27	-48.95	-3.139
65.6	1.292	42143	2.24	16.87	-46.1	-2.918
65.7	-0.9142	42200	-1.163	16.96	-46.12	-2.942
65.8	0.4985	42262	0.7041	16.82	-47.56	-3.019
65.9	0.7707	42342	1.423	16.53	-47.59	-2.792
66	-0.9872	42368	-0.5343	17	-49.03	-2.96
66.1	1.061	42452	1.853	16.41	-48.11	-2.688
66.2	0.6301	42501	0.7471	16.66	-46.73	-2.563
66.3	-0.2937	42566	-0.4494	16.37	-46.8	-2.607
66.4	1.484	42629	1.627	16.36	-48.24	-2.479
66.5	0.3491	42715	0.6981	16.54	-49.32	-2.385
66.6	1.266	42760	0.9841	16.84	-46.94	-2.262
66.7	0.3142	42855	0.7507	16.69	-49.03	-2.325
66.8	0.1508	42935	0.283	16.08	-46.77	-2.251
66.9	0.2178	43014	0.4348	16.46	-48.84	-2.231
67	1.551	43059	1.21	16.14	-48.36	-2.051
67.1	1.18	43122	1.348	15.79	-48.9	-1.88
67.2	-0.491	43183	-0.7247	15.42	-48.53	-1.967
67.3	0.5034	43284	1.062	15.35	-49.22	-1.876
67.4	0.3894	43372	0.8976	15.29	-49.9	-1.827
67.5	0.05131	43422	0.05857	16.05	-48.06	-1.785
67.6	-0.7184	43467	-0.7932	16.19	-50.59	-1.878
67.7	-0.1466	43520	-0.1785	15.2	-49.25	-1.897
67.8	0.6807	43620	1.453	15.94	-47.94	-1.766
67.9	0.5993	43705	1.268	15.3	-49.6	-1.612
68	-0.5641	43767	-0.8358	16.06	-50.73	-1.727
68.1	0.3173	43864	0.7427	15.26	-49.45	-1.605
68.2	0.2876	43906	0.2699	15.88	-50.05	-1.609
68.3	0.199	43985	0.3851	15.88	-51.24	-1.57
68.4	0.03595	44034	0.03865	15.72	-50.35	-1.534
68.5	0.6842	44113	1.259	15.88	-51	-1.46
68.6	-1.186	44153	-0.9511	15.73	-52.05	-1.54
68.7	-0.7372	44254	-1.671	15.1	-52.23	-1.726
68.8	0.7011	44309	0.7941	15.09	-52.34	-1.578
68.9	1.561	44386	1.98	15.87	-50.32	-1.424
69	-0.7959	44487	-1.824	15.1	-49.97	-1.574
69.1	1.571	44563	1.702	15.41	-51.5	-1.414
69.2	-0.3416	44615	-0.4272	15.73	-52.14	-1.531
69.3	-0.9065	44662	-0.9673	15.42	-50.16	-1.61
69.4	1.056	44720	1.163	15.58	-52.27	-1.442
69.5	0.1283	44817	0.2643	16.08	-50.96	-1.4
69.6	-1.424	44899	-1.858	15.93	-52	-1.656
69.7	-0.2566	44994	-0.5889	15.28	-51.18	-1.681
69.8	-1.42	45028	-0.8034	15.13	-50.68	-1.817
69.9	0.4974	45075	0.6008	16.05	-52.33	-1.671
70	-1.111	45129	-1.159	15.57	-50.31	-1.784
70.1	1.361	45184	1.231	15.41	-51.38	-1.746
70.2	0.1396	45261	0.2618	16.01	-52.61	-1.635
70.3	1.393	45306	1.119	15.54	-52.12	-1.526
70.4	-1.326	45338	-0.8136	15.07	-53.17	-1.686
70.5	-0.9983	45416	-1.505	15.21	-50.67	-1.848
70.6	0.1798	45463	0.2107	15.96	-53.4	-1.72
70.7	-1.197	45567	-2.352	15.32	-51.38	-2.004
70.8	-0.1424	45601	-0.1172	15.59	-51.98	-1.976
70.9	-0.1438	45696	-0.3304	15.03	-53.24	-2.048
71	1.039	45788	1.974	15.45	-54.39	-1.848
71.1	1.287	45824	0.8573	14.99	-54.41	-1.78
71.2	0.7449	45901	1.35	15.27	-54.03	-1.643
71.3	-1.31	45960	-1.426	14.96	-53	-1.773
71.4	-0.2382	46053	-0.5118	14.92	-52.68	-1.787
71.5	0.3316	46138	0.6278	15.18	-53.92	-1.723
71.6	1.571	46223	2.147	14.72	-54.47	-1.534
71.7	-0.5027	46288	-0.8136	15.63	-53.54	-1.597
71.8	-1.304	46375	-2.077	15.47	-53.05	-1.817
71.9	-0.3725	46430	-0.4905	15.13	-53.17	-1.924
72	-0.1881	46494	-0.2845	15.09	-54.38	-1.896
72.1	0.01798	46567	0.02939	15.48	-54.55	-1.854
72.2	-0.3629	46651	-0.6982	15.41	-54.18	-2.023
72.3	0.7514	46682	0.4782	14.94	-52.6	-1.993
72.4	1.505	46743	1.352	15.39	-55.86	-1.775
72.5	-0.8788	46825	-1.591	15.2	-52.72	-1.895
72.6	-1.257	46868	-0.9762	15.19	-54.92	-1.987
72.7	1.307	46964	2.188	15.17	-52.79	-1.826
72.8	1.49	46992	0.6689	14.57	-52.79	-1.759
72.9	-0.4765	47086	-1.085	14.38	-55.73	-1.901
73	-1.34	47135	-1.232	15.26	-56.29	-1.943
73.1	-0.6301	47175	-0.6346	14.78	-55.82	-2.104
73.2	1.495	47268	2.296	14.77	-55.84	-1.808
73.3	1.134	47313	1.051	14.91	-56.44	-1.76
73.4	0.8814	47388	1.4	14.75	-56.01	-1.518
73.5	-1.571	47448	-1.506	14.61	-55.47	-1.717
73.6	-0.4021	47488	-0.4052	14.59	-55.01	-1.794
73.7	-0.1037	47536	-0.1157	14.42	-55.12	-1.77
73.8	-1.495	47583	-1.219	14.71	-56.78	-1.85
73.9	1.522	47633	1.239	14.42	-53.48	-1.747
74	0.06842	47710	0.138	14.97	-55.87	-1.751
74.1	1.571	47795	2.094	14.82	-54.78	-1.581
74.2	1.161	47883	2.076	14.98	-54.3	-1.341
74.3	-0.2737	47916	-0.2185	14.71	-56.59	-1.364
74.4	-0.4808	47944	-0.3125	14.28	-54.43	-1.382
74.5	0.3848	48043	0.8532	14.33	-54.64	-1.332
74.6	-1.571	48120	-1.882	15.07	-54.1	-1.49
74.7	1.31	48206	2.187	14.34	-54.14	-1.237
74.8	-0.8367	48279	-1.364	14.36	-55.37	-1.398
74.9	1.19	48351	1.521	14.82	-57.67	-1.277
75	1.469	48412	1.486	15.12	-55.44	-1.118
75.1	-0.6112	48451	-0.5325	15.31	-56.07	-1.151
75.2	-1.24	48502	-1.239	15.02	-56.68	-1.297
75.3	0.3173	48592	0.6941	14.64	-55.18	-1.18
75.4	0	48658	0	15.44	-57.02	-1.18
75.5	0.7933	48725	1.128	15.34	-58.26	-1.134
75.6	-0.7655	48801	-1.326	14.8	-55.56	-1.272
75.7	-1.276	48871	-1.688	14.96	-57.89	-1.388
75.8	0.05288	48932	0.07525	15.29	-56.89	-1.38
75.9	1.528	48964	0.7731	14.99	-55.19	-1.332
76	-0.6472	49018	-0.8079	15.31	-58.15	-1.371
76.1	-1.089	49053	-0.7708	15.62	-58.18	-1.462
76.2	-1.162	49113	-1.445	15.47	-57.11	-1.665
76.3	0.8269	49203	1.503	14.72	-55.54	-1.508
76.4	-0.8552	49242	-0.7519	14.87	-57.32	-1.494
76.5	-0.5875	49294	-0.6673	15.48	-55.71	-1.626
76.6	-1.471	49328	-0.8484	14.87	-57.43	-1.695
76.7	-0.2566	49360	-0.2096	14.71	-58.66	-1.734
76.8	-1.232	49430	-1.731	15.15	-56.99	-1.941
76.9	1.389	49482	1.298	14.99	-57.02	-1.74
77	-0.1005	49532	-0.1282	14.97	-58.29	-1.735
77.1	-0.1728	49563	-0.1187	15.26	-58.94	-1.765
77.2	1.507	49615	1.338	15.26	-56.05	-1.667
77.3	-0.5875	49667	-0.6851	14.79	-57.31	-1.67
77.4	0.7011	49694	0.4109	14.94	-59.1	-1.678
77.5	0	49776	0	14.76	-56.41	-1.695
77.6	-0.8723	49835	-1.056	15.05	-56.5	-1.754
77.7	-0.5932	49894	-0.848	15.32	-57.79	-1.89
77.8	0.3416	49986	0.7431	15.26	-60.33	-1.761
77.9	1.534	50068	1.988	14.96	-58.59	-1.605
78	-0.4838	50099	-0.3679	15.11	-58.07	-1.674
78.1	0.9079	50146	0.8583	14.95	-58.72	-1.602
78.2	-0.2395	50246	-0.5702	14.5	-57.19	-1.614
78.3	0.7707	50327	1.436	14.96	-59.1	-1.424
78.4	1.375	50366	0.9214	15.26	-59.12	-1.404
78.5	-0.1283	50451	-0.2526	15	-59.91	-1.415
78.6	0.8121	50555	1.759	15.19	-59.48	-1.246
78.7	-1.368	50631	-1.747	14.59	-58.32	-1.44
78.8	-0.8011	50674	-0.709	15.06	-57.79	-1.458
78.9	-0.2681	50762	-0.591	14.92	-60.38	-1.545
79	1.139	50804	0.908	15.22	-60.42	-1.393
79.1	1.34	50894	2.054	14.94	-58.08	-1.239
79.2	-1.197	50953	-1.342	15.1	-58.73	-1.393
79.3	0.4135	51054	0.9492	15	-61.94	-1.31
79.4	-0.9451	51120	-1.442	15.48	-61.43	-1.369
79.5	-0.05341	51222	-0.1246	15.52	-61.67	-1.41
79.6	0.1424	51295	0.2475	15.39	-59.41	-1.4
79.7	-0.1271	51327	-0.09273	15.56	-58.88	-1.438
79.8	-1.173	51404	-1.673	15.71	-60.76	-1.564
79.9	1.089	51449	0.9539	14.95	-60.82	-1.516
80	-0.5034	51499	-0.5476	15.42	-62.75	-1.573
80.1	0.6095	51540	0.5797	14.81	-62.83	-1.438
80.2	-1.498	51582	-0.978	14.96	-59.79	-1.565
80.3	-1.104	51654	-1.707	15.72	-59.26	-1.795
80.4	-1.492	51697	-1.061	15.26	-62.33	-1.887
80.5	0.5465	51741	0.5256	15.24	-61.81	-1.851
80.6	0.8727	51829	1.568	15.06	-62.56	-1.685
80.7	-0.07191	51903	-0.1335	15.66	-63.36	-1.615
80.8	-0.2201	51951	-0.2438	14.89	-62.85	-1.657
80.9	-1.129	51990	-0.8047	15.64	-62.89	-1.739
81	-1.061	52054	-1.381	14.71	-62.98	-1.898
81.1	1.211	52086	0.6918	15.01	-63.62	-1.77
81.2	0.8713	52117	0.5628	14.69	-63.05	-1.749
81.3	1.125	52201	1.734	14.83	-60.05	-1.578
81.4	1.065	52236	0.7739	15.14	-61.33	-1.549
81.5	-1.075	52286	-1.02	14.99	-60.15	-1.642
81.6	-0.733	52341	-0.8921	15.58	-62.73	-1.769
81.7	-0.7037	52390	-0.8289	15.56	-60.95	-1.816
81.8	-1.528	52463	-1.848	15.56	-62.83	-1.994
81.9	1.158	52528	1.514	14.78	-62.89	-1.859
82	-0.7121	52554	-0.3938	14.62	-61.69	-1.92
82.1	-0.4054	52595	-0.3815	15.2	-61.78	-1.958
82.2	-1.015	52670	-1.578	14.86	-64.37	-1.99
82.3	0.267	52765	0.5546	14.62	-62.06	-1.974
82.4	1.551	52860	2.447	14.76	-60.81	-1.814
82.5	-0.4789	52930	-0.8213	14.88	-64.73	-1.881
82.6	1.078	53008	1.774	14.41	-62.93	-1.724
82.7	0.2848	53102	0.7243	15.14	-63.79	-1.619
82.8	1.089	53174	1.712	15.14	-61.97	-1.41
82.9	0.5498	53236	0.7658	15.17	-64.64	-1.359
83	-1.079	53334	-2.021	15.03	-65.39	-1.552
83.1	-0.2539	53415	-0.5082	14.43	-65.59	-1.634
83.2	-1.065	53489	-1.631	14.87	-61.85	-1.746
83.3	-0.4494	53588	-0.9755	14.66	-65.9	-1.865
83.4	1.206	53679	2.143	14.35	-62.77	-1.691
83.5	-0.7404	53782	-1.609	14.47	-65.51	-1.798
83.6	0.6112	53854	0.9703	15.03	-64.36	-1.756
83.7	0.3526	53886	0.2742	14.58	-63.15	-1.745
83.8	0.4719	53937	0.5487	15	-63.9	-1.707
83.9	-0.2016	54003	-0.2847	14.69	-65.35	-1.637
84	-0.8713	54031	-0.4678	14.54	-64.1	-1.737
84.1	-0.07191	54128	-0.1607	14.21	-64.97	-1.717
84.2	0.3449	54173	0.3289	14.19	-64.41	-1.667
84.3	1.571	54211	0.8477	14.34	-64.41	-1.63
84.4	-0.9439	54262	-0.9655	14.19	-64.49	-1.679
84.5	0.1222	54356	0.2671	14.88	-65.37	-1.72
84.6	1.47	54395	1.044	14.88	-64.73	-1.587
84.7	1.161	54475	1.9	14.45	-65.45	-1.462
84.8	0.4807	54569	1.089	14.78	-64.34	-1.34
84.9	-1.161	54662	-2.327	14.21	-63.76	-1.553
85	1.507	54710	1.119	15.09	-65.08	-1.463
85.1	0.3812	54764	0.4574	14.37	-64.54	-1.416
85.2	0.3173	54807	0.3359	14.84	-65.29	-1.315
85.3	0.2346	54866	0.3563	14.28	-66.75	-1.267
85.4	0.617	54962	1.406	14.93	-64.95	-1.183
85.5	0.2566	55039	0.5119	15.01	-66.44	-1.11
85.6	0.1283	55088	0.142	15.36	-66.55	-1.107
85.7	-1.388	55151	-1.509	14.48	-65.9	-1.237
85.8	-0.7793	55197	-0.8268	14.94	-67.97	-1.374
85.9	-0.3115	55250	-0.372	14.52	-66.77	-1.358
86	0.713	55311	0.9382	15.44	-66.87	-1.274
86.1	0.1693	55376	0.2743	15.34	-68.36	-1.272
86.2	-0.7449	55452	-1.277	15.37	-65.8	-1.368
86.3	0.01763	55544	0.03948	14.97	-66.7	-1.364
86.4	-0.1939	55647	-0.4819	15.31	-68.96	-1.438
86.5	0.3086	55676	0.1998	15.17	-67	-1.431
86.6	-0.4581	55769	-0.9558	15.5	-67.88	-1.546
86.7	-0.1026	55857	-0.209	14.75	-66.05	-1.477
86.8	-0.5519	55904	-0.6318	15.66	-66.83	-1.585
86.9	-0.07191	55999	-0.1661	15.5	-69.8	-1.634
87	-0.3382	56027	-0.2114	15.05	-66.44	-1.639
87.1	-0.6409	56111	-1.124	15.18	-68.65	-1.724
87.2	1.561	56144	0.8241	15.48	-70.72	-1.642
87.3	-0.9774	56237	-1.873	15.46	-70.85	-1.903
87.4	-0.05445	56287	-0.06412	15.58	-68.21	-1.854
87.5	-0.07191	56337	-0.08369	14.79	-70.39	-1.824
87.6	0.9346	56422	1.589	15.52	-67.06	-1.716
87.7	0.2395	56464	0.2717	15.2	-67.86	-1.673
87.8	1.168	56502	0.8414	14.9	-70.66	-1.623
87.9	0.7449	56529	0.4211	15.05	-68.63	-1.577
88	1.571	56581	1.299	14.9	-69.32	-1.442
88.1	-1.198	56621	-0.8745	15.05	-68.67	-1.471
88.2	-0.5932	56706	-1.137	15.36	-70.92	-1.578
88.3	-0.3086	56742	-0.2609	14.9	-69.61	-1.652
88.4	-1.008	56799	-1.198	15.04	-71.09	-1.807
88.5	0.2155	56858	0.3216	15.32	-71.92	-1.706
88.6	-0.3526	56943	-0.7278	14.53	-69.32	-1.795
88.7	0.821	57043	1.743	14.66	-71.58	-1.583
88.8	0.9383	57101	1.165	14.96	-70.25	-1.495
88.9	-1.106	57175	-1.555	15.41	-70.33	-1.609
89	-0.8954	57280	-1.946	15.24	-69.06	-1.857
89.1	-0.8294	57372	-1.672	15.03	-71.31	-2.04
89.2	1.056	57402	0.6298	15.17	-70.63	-1.934
89.3	0.9079	57487	1.646	14.39	-72.17	-1.813
89.4	-0.4311	57549	-0.7343	14.65	-70.9	-1.903
89.5	1.571	57644	2.259	14.79	-72.33	-1.646
89.6	-1.426	57724	-1.898	14.35	-68.79	-1.871
89.7	-0.9887	57794	-1.407	14.47	-70.3	-1.996
89.8	-0.5302	57884	-1.175	14.82	-71.19	-2.135
89.9	0.1649	57961	0.3079	15.02	-72.08	-2.103
90	-1.274	58016	-1.182	15	-70.68	-2.21
90.1	0.01815	58073	0.02539	14.05	-72.23	-2.121
90.2	-0.8727	58106	-0.6142	14.02	-70.12	-2.293
90.3	1.448	58197	2.312	14.72	-70.88	-2.057
90.4	0.6898	58223	0.4047	14.13	-73.79	-1.997
90.5	-1.451	58294	-1.693	14.7	-73.09	-2.103
90.6	-0.5641	58375	-1.125	14.02	-69.64	-2.3
90.7	-1.283	58470	-2.141	14.11	-70.41	-2.516
90.8	0.1508	58546	0.2803	14.12	-74.13	-2.488
90.9	-1.434	58627	-1.938	14.52	-71.98	-2.657
91	-0.4674	58703	-0.8041	14.24	-70.62	-2.658
91.1	0.9886	58795	1.819	14	-72.12	-2.418
91.2	-0.3894	58840	-0.3959	13.64	-71.45	-2.509
91.3	-0.5011	58927	-1.056	13.49	-70.83	-2.691
91.4	-0.6566	58994	-1.043	13.23	-70.89	-2.825
91.5	-0.1939	59038	-0.2102	13.14	-71.65	-2.791
91.6	1.21	59088	1.173	13.24	-70.94	-2.568
91.7	-0.1602	59173	-0.3361	13.06	-71.76	-2.707
91.8	-1.466	59241	-1.643	12.78	-72.49	-2.87
91.9	-1.571	59330	-2.005	13.57	-74.66	-3.083
92	1.313	59358	0.6192	13.42	-73.22	-3.021
92.1	-0.03351	59422	-0.05345	13.13	-73.96	-2.936
92.2	0.4014	59523	0.9302	12.4	-70.38	-2.842
92.3	0.8629	59559	0.6632	12.47	-72.57	-2.75
92.4	0.1368	59607	0.1691	12.36	-72.61	-2.846
92.5	-0.01745	59668	-0.02509	12.72	-73.38	-2.849
92.6	0.6587	59763	1.361	12.3	-73.45	-2.706
92.7	-1.317	59804	-0.9612	12.27	-74.19	-2.806
92.8	0.141	59864	0.1947	11.78	-71.33	-2.814
92.9	-1.187	59901	-0.8167	12.23	-74.98	-2.928
93	-1.343	59956	-1.215	11.84	-72.08	-2.876
93.1	1.111	60037	1.88	12.01	-75.01	-2.701
93.2	1.571	60103	1.743	11.88	-72.1	-2.537
93.3	1.234	60133	0.7407	11.74	-72.12	-2.494
93.4	-0.0829	60220	-0.1917	11.8	-73.69	-2.589
93.5	-0.01833	60306	-0.03839	11.62	-74.54	-2.516
93.6	-1.264	60399	-2.019	11.67	-71.65	-2.826
93.7	0.4215	60491	0.9008	11.02	-73.2	-2.601
93.8	0.1798	60596	0.4347	10.81	-74.78	-2.56
93.9	0.9215	60672	1.528	11.17	-75.57	-2.486
94	1.037	60730	1.254	11.33	-72.68	-2.314
94.1	-0.7121	60779	-0.773	10.71	-73.48	-2.438
94.2	0.4691	60823	0.5141	11.08	-73.55	-2.433
94.3	-0.07121	60896	-0.121	10.84	-75.87	-2.325
94.4	0.2419	61000	0.6172	10.46	-73.83	-2.268
94.5	-1.025	61041	-0.8905	10.63	-73.13	-2.352
94.6	0.3592	61122	0.681	10.49	-71.77	-2.403
94.7	0.7987	61188	1.235	10	-74.08	-2.238
94.8	0.4095	61286	0.9384	10.49	-75.74	-2.19
94.9	1.407	61380	2.225	10.07	-74.28	-1.977
95	1.035	61431	1.069	10.46	-74.35	-1.811
95.1	1.078	61513	1.81	10.04	-76.66	-1.619
95.2	-0.9048	61610	-1.849	10.32	-75.31	-1.791
95.3	0.4311	61693	0.9038	10.28	-73.25	-1.685
95.4	0.6772	61740	0.6957	9.767	-72.59	-1.616
95.5	-1.486	61781	-0.9402	10.37	-72.59	-1.782
95.6	-0.4276	61855	-0.7733	9.832	-77.24	-1.838
95.7	-0.4021	61905	-0.4792	9.802	-75.84	-1.923
95.8	0.06772	61940	0.06292	9.975	-77.43	-1.88
95.9	0.2723	62004	0.3836	10.13	-77.57	-1.878
96	0.4407	62051	0.4826	10.11	-73.91	-1.774
96.1	0.7624	62151	1.545	9.982	-75.59	-1.68
96.2	-1.368	62187	-0.844	9.882	-77.12	-1.701
96.3	1.449	62276	2.219	9.881	-74.88	-1.509
96.4	-0.4447	62316	-0.4406	10.08	-77.99	-1.505
96.5	0.2032	62358	0.1988	9.692	-78.09	-1.5
96.6	1.405	62407	1.169	10.09	-74.32	-1.421
96.7	1.41	62453	1.032	10.09	-76.61	-1.274
96.8	-1.385	62481	-0.648	9.998	-75.86	-1.312
96.9	0.9791	62507	0.5428	9.908	-74.38	-1.259
97	0.6199	62589	1.296	9.764	-76.82	-1.206
97.1	1.106	62664	1.744	10.1	-76.89	-0.9733
97.2	0.192	62721	0.2602	9.974	-76.24	-0.9777
97.3	1.417	62818	2.479	9.794	-77.79	-0.7541
97.4	0.5864	62851	0.4233	10.04	-77.07	-0.6817
97.5	1.056	62903	1.157	10.09	-76.34	-0.5647
97.6	0.3482	62977	0.5769	10.65	-75.67	-0.5148
97.7	0.1745	63050	0.3007	10.6	-77.28	-0.4838
97.8	1.357	63148	2.335	10.33	-76.53	-0.2592
97.9	1.471	63233	2.164	10.77	-78.07	-0.04706
98	-0.2539	63321	-0.5361	10.98	-78.85	-0.1069
98.1	-1.337	63408	-2.08	11.13	-76.56	-0.315
98.2	0.199	63474	0.3435	10.63	-75.08	-0.2902
98.3	0.9948	63510	0.7371	11.22	-76.62	-0.2186
98.4	0.4356	63603	0.9393	10.86	-74.35	-0.1189
98.5	-0.2848	63658	-0.3907	11.55	-78.2	-0.1526
98.6	-1.022	63714	-1.178	11.39	-77.45	-0.2701
98.7	-1.508	63744	-0.7363	11.16	-78.22	-0.3465
98.8	-0.1438	63775	-0.1006	11.46	-75.94	-0.3642
98.9	1.503	63851	1.792	11.83	-74.41	-0.1741
99	1.128	63916	1.434	11.78	-78.26	-0.02983
99.1	-0.0356	63994	-0.06212	11.62	-78.26	-0.03565
99.2	1.33	64046	1.291	11.41	-74.43	0.09197
99.3	-0.6566	64102	-0.88	11.63	-75.95	0.009409
99.4	-0.6702	64144	-0.6727	11.95	-76.72	-0.05601
99.5	1.028	64239	2.076	11.93	-79.02	0.1505
99.6	0.5986	64311	0.9573	11.82	-77.46	0.237
99.7	-1.056	64383	-1.569	11.9	-77.45	0.09364
99.8	0.08814	64430	0.1037	12.13	-74.37	0.1042
99.9	0.8988	64468	0.7304	12.56	-78.19	0.1725
100	-1.06	64497	-0.6096	12.1	-74.36	0.1079
