0.1	0.08727	104	0.2118	0.2469	0.002537	0.02054
0.2	1.033	188	1.938	0.3367	0.01428	0.212
0.3	0.2382	245	0.316	0.4956	0.04657	0.2407
0.4	0.8613	295	0.8867	0.5703	0.06828	0.335
0.5	0.6941	333	0.5935	0.6494	0.09557	0.3811
0.6	1.322	416	2.08	0.6649	0.1229	0.6147
0.7	0.3283	505	0.6588	0.8629	0.2416	0.6514
0.8	1.534	541	0.8471	0.816	0.235	0.7529
0.9	-0.6048	583	-0.5727	0.8788	0.2942	0.7038
1	-0.6964	613	-0.4397	0.9418	0.3334	0.6645
1.1	-0.5498	667	-0.6637	1.062	0.4095	0.5994
1.2	0.599	703	0.462	1.091	0.4489	0.6548
1.3	-1.028	789	-1.83	1.218	0.4989	0.4535
1.4	-0.9948	834	-0.9469	1.202	0.5086	0.367
1.5	-0.7833	922	-1.504	1.339	0.573	0.218
1.6	1.197	1019	2.282	1.414	0.5828	0.4439
1.7	-0.65	1105	-1.315	1.582	0.6642	0.3062
1.8	-0.4402	1147	-0.4673	1.705	0.6787	0.2688
1.9	0.2246	1214	0.4	1.882	0.7256	0.3134
2	1.047	1304	1.917	1.948	0.7707	0.4969
2.1	0.5697	1361	0.7624	2.064	0.8123	0.5774
2.2	0.03386	1453	0.08196	2.32	0.9445	0.6029
2.3	-0.6898	1485	-0.469	2.328	0.9872	0.5208
2.4	0.6699	1549	1.063	2.485	1.06	0.619
2.5	-1.022	1621	-1.514	2.542	1.11	0.503
2.6	1.3	1714	2.117	2.484	1.162	0.7118
2.7	0.6912	1746	0.5301	2.658	1.191	0.7559
2.8	0.9048	1837	1.886	2.645	1.296	0.9089
2.9	-1.343	1874	-0.8423	2.659	1.25	0.8801
3	0.9065	1972	1.806	2.713	1.362	1.011
3.1	-0.7948	2006	-0.5424	2.741	1.494	0.996
3.2	-0.6264	2104	-1.507	3.006	1.606	0.8369
3.3	0.9774	2140	0.7179	3.039	1.644	0.9193
3.4	0.2011	2204	0.32	3.015	1.736	0.9344
3.5	1.035	2256	1.145	3.177	1.813	1.087
3.6	-0.1649	2335	-0.3041	3.278	2.059	0.9936
3.7	-0.1246	2432	-0.3051	3.379	2.205	1.004
3.8	1.356	2518	1.903	3.439	2.233	1.204
3.9	0.3416	2558	0.3006	3.471	2.361	1.235
4	-0.5027	2650	-1.188	3.379	2.471	1.13
4.1	0.3801	2686	0.3504	3.485	2.545	1.107
4.2	0.5969	2736	0.7505	3.418	2.61	1.191
4.3	0.6964	2832	1.378	3.575	2.867	1.332
4.4	0.1058	2907	0.1892	3.611	3.042	1.377
4.5	0.9886	2987	1.732	3.694	3.147	1.57
4.6	0.3854	3074	0.8355	3.508	3.246	1.622
4.7	0.4189	3115	0.4371	3.608	3.544	1.683
4.8	-0.9076	3152	-0.7032	3.604	3.495	1.565
4.9	-0.65	3235	-1.233	3.535	3.54	1.478
5	-0.1089	3333	-0.2508	3.736	3.801	1.439
5.1	0.4887	3418	0.9613	3.746	4.175	1.562
5.2	0.1161	3512	0.2831	3.709	4.361	1.541
5.3	-0.3349	3574	-0.4984	3.564	4.377	1.554
5.4	-1.239	3643	-1.532	3.716	4.563	1.344
5.5	0.576	3737	1.269	3.666	4.806	1.511
5.6	1.276	3831	2.028	3.7	4.597	1.725
5.7	0.7679	3872	0.6946	3.758	4.908	1.85
5.8	0.4524	3917	0.482	3.518	4.852	1.788
5.9	1.173	4017	2.033	3.624	5.097	2.075
6	0.1958	4058	0.1928	3.611	4.984	2.054
6.1	0.2937	4138	0.5709	3.344	5.244	2.131
6.2	-0.7205	4172	-0.5917	3.518	5.404	2.113
6.3	0.2908	4208	0.2602	3.407	5.373	2.14
6.4	1.134	4306	2.201	3.413	5.4	2.314
6.5	0.2513	4350	0.2474	3.214	5.414	2.34
6.6	0.2967	4416	0.4684	3.14	5.687	2.339
6.7	-0.4215	4503	-0.8372	3.028	5.891	2.323
6.8	-1.371	4596	-2.256	2.947	5.747	2.093
6.9	1.402	4652	1.277	3.021	5.888	2.273
7	-1.151	4755	-2.229	2.916	5.792	2.016
7.1	0.06772	4800	0.07725	2.812	5.835	1.965
7.2	-1.42	4827	-0.6264	2.923	5.966	1.903
7.3	-0.8042	4881	-1.033	2.782	6.052	1.84
7.4	-1.093	4924	-0.9154	2.8	5.978	1.675
7.5	-1.18	5005	-1.763	2.908	6.046	1.51
7.6	-0.1452	5103	-0.3304	2.834	6.653	1.464
7.7	-0.3482	5171	-0.6372	2.792	6.551	1.448
7.8	-0.121	5268	-0.2896	2.966	6.98	1.463
7.9	0.7514	5339	1.155	2.95	6.974	1.504
8	-0.7156	5393	-0.8363	2.842	6.931	1.42
8.1	-1.571	5449	-1.469	2.9	6.931	1.283
8.2	-0.3316	5484	-0.2909	2.98	7.079	1.32
8.3	-1.551	5534	-1.301	2.953	7.298	1.191
8.4	0.1901	5612	0.3702	2.964	7.543	1.228
8.5	1.351	5677	1.647	3.093	7.427	1.353
8.6	-0.08901	5773	-0.2066	3.024	7.648	1.334
8.7	0.5637	5825	0.6931	3.105	7.519	1.402
8.8	1.534	5896	1.7	3.106	7.681	1.629
8.9	-0.8814	5959	-1.154	2.988	7.701	1.45
9	-1.14	6061	-2.175	3.008	7.954	1.243
9.1	0.05027	6161	0.122	3.207	8.096	1.28
9.2	-0.622	6214	-0.7617	3.309	7.953	1.14
9.3	-0.9718	6255	-0.8326	3.138	8.246	1.114
9.4	-1.082	6316	-1.256	3.369	8.14	0.9408
9.5	-0.6048	6343	-0.3763	3.27	8.517	0.9036
9.6	1.222	6406	1.311	3.334	8.228	1.069
9.7	-0.2136	6488	-0.4246	3.431	8.818	1.038
9.8	-1.571	6530	-0.9892	3.401	8.31	0.9382
9.9	0.2224	6592	0.3355	3.519	8.854	0.9428
10	-1.518	6622	-0.7353	3.486	8.597	0.8876
10.1	0.6346	6686	0.8766	3.595	8.518	0.9973
10.2	-0.06772	6754	-0.1252	3.695	9.192	0.9657
10.3	0.7257	6787	0.5691	3.653	9.244	0.9901
10.4	-1.441	6822	-0.8741	3.657	8.889	0.8992
10.5	-1.054	6895	-1.518	3.71	9.313	0.7535
10.6	0.6716	6988	1.413	3.906	9.268	0.9309
10.7	0.788	7056	1.195	3.935	9.463	1.006
10.8	-1.192	7127	-1.566	4.049	9.139	0.8904
10.9	-0.6898	7189	-0.9187	4.093	9.133	0.7918
11	-0.5498	7236	-0.5616	4.12	9.48	0.7223
11.1	-0.3142	7315	-0.6095	4.309	9.506	0.6601
11.2	-1.411	7388	-1.568	4.297	9.815	0.4951
11.3	-0.5641	7473	-1.085	4.628	9.791	0.3975
11.4	0.2155	7554	0.4263	4.757	9.574	0.4241
11.5	-1.264	7639	-1.928	4.687	9.5	0.2428
11.6	0.8723	7735	1.871	4.887	9.944	0.4106
11.7	-0.2737	7809	-0.5105	5.054	9.718	0.3675
11.8	-0.3801	7856	-0.4546	5.105	10.25	0.3336
11.9	0.5627	7916	0.7258	5.165	9.697	0.4084
12	-1.343	7963	-0.9966	5.246	10.31	0.2877
12.1	0.3592	8022	0.5102	5.37	9.949	0.358
12.2	-0.4948	8078	-0.6312	5.594	10.29	0.2806
12.3	-0.01763	8117	-0.01546	5.628	10.42	0.2875
12.4	-1.082	8171	-1.25	5.805	10.33	0.1666
12.5	-0.5341	8222	-0.67	5.743	10.45	0.09749
12.6	0.6603	8317	1.483	6.103	10.17	0.2418
12.7	1.445	8408	2.306	5.952	9.981	0.4848
12.8	1.123	8481	1.734	6.196	10.02	0.6665
12.9	0.9331	8530	1.002	6.067	10.27	0.7443
13	-1.008	8596	-1.274	6.322	10.33	0.6157
13.1	-0.9119	8672	-1.463	6.226	10.28	0.4649
13.2	0.3115	8740	0.4904	6.621	10.35	0.513
13.3	1.111	8805	1.381	6.413	10.38	0.6356
13.4	0.3482	8836	0.2639	6.663	10.63	0.6749
13.5	0.5027	8898	0.7142	6.694	10.4	0.778
13.6	0	8983	0	6.716	10.98	0.7704
13.7	-1.061	9030	-0.9896	7.035	10.69	0.6478
13.8	0.8613	9079	0.8706	6.825	10.53	0.759
13.9	-1.26	9168	-1.98	6.864	10.67	0.5386
14	0.7477	9250	1.274	7.265	10.75	0.6754
14.1	-0.5875	9351	-1.291	7.357	10.75	0.5274
14.2	-0.3047	9400	-0.3677	7.237	10.91	0.492
14.3	1.474	9450	1.214	7.387	10.8	0.6337
14.4	0.9708	9533	1.615	7.626	11.33	0.8002
14.5	0.2878	9573	0.2659	7.393	11.51	0.8202
14.6	1.495	9623	1.16	7.55	11.52	0.9117
14.7	-1.244	9719	-2.136	7.665	11.56	0.7169
14.8	-0.7404	9747	-0.4355	7.777	11.59	0.7019
14.9	-1.348	9846	-2.371	7.452	11.28	0.4601
15	-1.343	9901	-1.323	7.851	11.63	0.3087
15.1	0.5864	9942	0.4942	7.932	11.09	0.3628
15.2	0.8629	9996	0.9769	7.935	11.7	0.4651
15.3	0.3482	10028	0.2445	7.606	11.61	0.4793
15.4	0.7655	10074	0.7586	7.672	11.42	0.574
15.5	-0.4538	10164	-0.9576	8.08	11.29	0.467
15.6	-1.026	10260	-2.095	8.371	11.33	0.2602
15.7	-0.8029	10301	-0.6877	8.523	11.35	0.1989
15.8	-0.713	10342	-0.696	8.182	11.48	0.1241
15.9	-0.4674	10384	-0.4474	8.441	12.07	0.07842
16	-0.5864	10426	-0.6031	8.611	11.84	0.01907
16.1	0.2904	10514	0.5865	8.813	11.73	0.07374
16.2	1.567	10551	0.9694	8.555	11.38	0.1743
16.3	-1.022	10641	-1.917	8.574	11.74	-0.03011
16.4	-0.9983	10709	-1.407	8.759	11.38	-0.1677
16.5	-0.3456	10770	-0.5048	9.259	11.82	-0.2277
16.6	-0.7372	10840	-1.245	9.017	11.79	-0.3442
16.7	0.4014	10907	0.6617	9.443	11.74	-0.2843
16.8	0.171	10965	0.2398	9.39	11.24	-0.2645
16.9	-0.2681	11056	-0.6168	9.406	11.29	-0.314
17	-1.175	11088	-0.6742	9.629	11.51	-0.3977
17.1	-0.8622	11146	-1.178	9.805	11.24	-0.492
17.2	0.474	11232	1.014	10.18	11.16	-0.4087
17.3	-0.1185	11324	-0.2862	10.39	11.3	-0.4153
17.4	-0.07051	11431	-0.1712	10.51	10.97	-0.4455
17.5	1.361	11473	0.9646	10.43	10.96	-0.3366
17.6	-0.3878	11530	-0.537	10.66	11.36	-0.4133
17.7	-0.171	11575	-0.1995	10.86	11.31	-0.4078
17.8	-0.496	11620	-0.5393	10.63	11.38	-0.4633
17.9	1.162	11678	1.377	11.01	11.03	-0.3336
18	0.2032	11724	0.2388	11.22	10.77	-0.3175
18.1	-1.21	11777	-1.184	10.95	10.86	-0.4452
18.2	1.252	11866	2.085	11.02	10.62	-0.2323
18.3	-0.199	11904	-0.1929	11.11	11.14	-0.2532
18.4	-0.8545	12005	-1.734	11.03	11.09	-0.4276
18.5	1.214	12076	1.643	11.54	10.53	-0.2556
18.6	1.521	12163	1.938	11	10.63	-0.05958
18.7	-0.8465	12223	-1.09	11.66	10.51	-0.1696
18.8	1.456	12255	0.7636	11.56	10.84	-0.09837
18.9	-0.1815	12333	-0.3091	11.27	11.03	-0.1332
19	0.4674	12396	0.6778	12.11	10.59	-0.06478
19.1	0.3299	12454	0.4673	12.02	10.69	-0.01751
19.2	-0.3316	12538	-0.7404	11.73	10.68	-0.08573
19.3	0.2539	12569	0.1897	12.41	10.67	-0.06856
19.4	-0.8809	12664	-1.734	12.06	10.97	-0.2343
19.5	-1.289	12727	-1.337	12.48	10.53	-0.3722
19.6	-0.08727	12813	-0.1779	12.67	10.45	-0.3978
19.7	-0.6264	12841	-0.3764	12.97	10.65	-0.428
19.8	0.1258	12893	0.1524	12.44	10.6	-0.4051
19.9	-0.7868	12966	-1.353	13.06	10.85	-0.5629
20	0.4643	13004	0.4379	13.14	10.81	-0.5027
20.1	1.488	13068	1.633	12.64	10.7	-0.3472
20.2	-0.3519	13121	-0.4665	13.14	10.45	-0.4038
20.3	-0.2115	13154	-0.1682	13.34	10.21	-0.4206
20.4	1.343	13191	0.9238	13.48	10.52	-0.3091
20.5	1.434	13230	0.9155	12.85	10.2	-0.2267
20.6	-0.9896	13330	-1.965	12.98	10.36	-0.4102
20.7	1.24	13364	0.867	13.54	10.14	-0.3403
20.8	-0.7037	13418	-0.8356	13.36	10.62	-0.4401
20.9	0.5393	13466	0.6197	13.32	10.27	-0.355
21	1.539	13516	1.264	13.73	9.966	-0.2457
21.1	-1.424	13602	-2.099	13.22	10.26	-0.4466
21.2	0.7184	13693	1.524	13.78	10.4	-0.3017
21.3	-0.7295	13787	-1.688	13.81	10.44	-0.4547
21.4	0.6414	13832	0.6411	13.89	9.996	-0.3919
21.5	-1.043	13889	-1.175	14.37	9.862	-0.5174
21.6	0.0171	13915	0.01122	14.29	10.03	-0.5319
21.7	-1.571	14000	-1.932	14.15	10.03	-0.7444
21.8	-0.3316	14080	-0.6201	14.01	9.903	-0.7945
21.9	1.488	14134	1.3	14.3	9.8	-0.6724
22	-1.379	14186	-1.278	14.6	9.883	-0.7821
22.1	-1.257	14231	-1.056	14.19	9.862	-0.8621
22.2	1.304	14276	1.108	14.63	9.843	-0.7811
22.3	0.8713	14349	1.388	14	9.873	-0.6671
22.4	-1.21	14445	-2.166	14.06	9.43	-0.8449
22.5	-1.33	14474	-0.7184	14.21	9.706	-0.9492
22.6	1.463	14501	0.6397	14.65	9.991	-0.8846
22.7	-0.9348	14583	-1.493	14.86	9.413	-0.9978
22.8	-0.1977	14629	-0.2068	14.78	9.605	-1.071
22.9	0.5082	14693	0.7565	14.56	9.11	-0.9937
23	-0.8894	14753	-1.053	14.61	9.219	-1.04
23.1	-0.5641	14841	-1.204	14.25	9.145	-1.152
23.2	-1.304	14919	-1.795	14.26	9.194	-1.377
23.3	1.21	14972	1.283	14.28	8.778	-1.254
23.4	-0.1555	15009	-0.1477	14.74	8.964	-1.293
23.5	-1.324	15076	-1.55	15.05	8.667	-1.424
23.6	1.33	15160	1.85	14.62	8.616	-1.223
23.7	0.05079	15215	0.07481	14.81	8.928	-1.216
23.8	-0.9166	15278	-1.133	14.98	8.578	-1.333
23.9	0.2321	15346	0.4258	15.17	8.245	-1.317
24	-0.8125	15397	-0.9825	14.45	8.504	-1.357
24.1	0.9969	15456	1.082	14.91	8.596	-1.285
24.2	0.1634	15486	0.1214	15.08	8.356	-1.298
24.3	0.1833	15526	0.1739	15.11	8.018	-1.268
24.4	-1.379	15571	-1.036	15.12	8.08	-1.332
24.5	-0.2592	15627	-0.3415	15.14	8.031	-1.367
24.6	-1.144	15700	-1.695	14.7	7.788	-1.546
24.7	0.1026	15760	0.1632	15.45	8.027	-1.545
24.8	-0.6032	15860	-1.455	14.7	7.753	-1.702
24.9	-0.8285	15908	-0.8481	14.98	7.301	-1.801
25	0.08552	15985	0.164	14.5	7.204	-1.768
25.1	-0.3482	16020	-0.304	14.78	7.125	-1.764
25.2	-0.8121	16087	-1.177	15.2	7.016	-1.906
25.3	-1.396	16168	-2.056	15.19	7.057	-2.122
25.4	-0.7854	16266	-1.566	15.09	7.133	-2.221
25.5	0.2985	16294	0.2166	14.46	7.012	-2.245
25.6	-0.03421	16389	-0.0848	14.16	6.619	-2.254
25.7	-0.821	16419	-0.5158	15.01	6.786	-2.282
25.8	-0.4629	16472	-0.5984	14.2	6.699	-2.315
25.9	-0.898	16570	-1.759	14.08	6.602	-2.613
26	-1.393	16623	-1.353	13.92	6.589	-2.64
26.1	1.33	16704	1.817	13.88	6.625	-2.411
26.2	1.31	16801	2.454	14.42	6.399	-2.319
26.3	0.5236	16851	0.6445	14.06	6.376	-2.21
26.4	0.0356	16940	0.07405	14.08	6.007	-2.224
26.5	0.06702	16991	0.08903	14.01	6.271	-2.236
26.6	0.3592	17060	0.5933	13.78	6.13	-2.151
26.7	0.04974	17140	0.1042	13.96	5.902	-2.036
26.8	1.151	17173	0.7725	13.67	5.639	-1.983
26.9	-1.24	17253	-1.775	13.64	5.711	-2.181
27	-1.033	17312	-1.249	13.59	5.82	-2.328
27.1	0.3993	17343	0.2879	13.82	5.655	-2.276
27.2	0.3056	17432	0.6441	13.95	5.277	-2.169
27.3	0.7372	17523	1.54	13.46	5.261	-2.09
27.4	0.8203	17594	1.287	13.14	5.104	-1.982
27.5	-0.5131	17625	-0.369	13.65	5.25	-2
27.6	-0.2908	17677	-0.3689	13.46	5.136	-2.079
27.7	0.2011	17734	0.2666	13.4	5.015	-1.99
27.8	1.146	17822	2.033	13.11	4.738	-1.843
27.9	-1.071	17905	-1.734	13.34	4.834	-1.955
28	1.194	17954	1.087	13.6	4.658	-1.882
28.1	0	18030	0	13.41	4.579	-1.882
28.2	1.061	18112	1.694	13.39	4.475	-1.655
28.3	1.187	18168	1.204	13.39	4.294	-1.597
28.4	0.5027	18206	0.4477	12.86	4.43	-1.473
28.5	-0.315	18244	-0.3272	13.13	4.126	-1.504
28.6	1.343	18326	2.087	13.26	4.054	-1.378
28.7	0.8367	18396	1.194	12.9	4.148	-1.201
28.8	1.063	18499	1.999	13.22	3.951	-1.04
28.9	-1.546	18575	-1.896	13.23	3.86	-1.213
29	-1.49	18678	-2.453	12.83	4.009	-1.473
29.1	-1.158	18716	-0.8987	12.84	3.854	-1.531
29.2	-0.8285	18814	-1.793	13.09	3.843	-1.755
29.3	-1.016	18892	-1.615	13.2	3.713	-1.938
29.4	0.2644	18931	0.2327	13.44	3.45	-1.914
29.5	1.078	18979	1.082	13.16	3.433	-1.716
29.6	0.2908	19017	0.2687	13.54	3.516	-1.706
29.7	0.9048	19047	0.5719	13.54	3.303	-1.714
29.8	-1.571	19113	-1.609	13.01	3.337	-1.833
29.9	0.4901	19157	0.4446	13.25	3.314	-1.786
30	0.9872	19232	1.43	13.24	3.089	-1.675
30.1	-1.012	19320	-1.948	12.96	3.131	-1.774
30.2	-1.094	19389	-1.528	13.19	2.913	-2.008
30.3	-0.7957	19427	-0.6527	13.04	2.86	-2.053
30.4	0.5288	19522	1.198	13.21	2.741	-1.939
30.5	0.4719	19625	1.023	12.5	2.561	-1.887
30.6	-0.2937	19652	-0.2015	12.74	2.575	-1.87
30.7	1.061	19696	0.9512	13.25	2.405	-1.772
30.8	0.5213	19750	0.6544	12.71	2.36	-1.672
30.9	-0.1058	19819	-0.1921	12.95	2.228	-1.725
31	-0.2468	19856	-0.2279	12.68	2.011	-1.748
31.1	-0.9969	19920	-1.274	12.66	2.05	-1.819
31.2	1.335	19997	1.798	12.39	1.922	-1.652
31.3	0.9617	20036	0.7855	12.9	1.893	-1.576
31.4	0.5131	20121	1.103	13.04	1.653	-1.453
31.5	0.4189	20203	0.8421	12.93	1.569	-1.426
31.6	-1.222	20284	-1.924	12.94	1.412	-1.569
31.7	-0.4356	20319	-0.313	12.68	1.382	-1.634
31.8	-0.7959	20418	-1.788	12.53	1.257	-1.744
31.9	-1.236	20496	-1.843	13.15	1.133	-1.939
32	-0.8552	20575	-1.4	13.1	1.041	-2.143
32.1	-0.4538	20670	-0.946	12.97	0.8949	-2.288
32.2	-0.6301	20757	-1.341	12.23	0.7744	-2.282
32.3	-0.899	20808	-1.031	12.55	0.6831	-2.528
32.4	-0.6231	20837	-0.4246	12.13	0.6748	-2.545
32.5	1.411	20874	0.8868	11.99	0.6358	-2.361
32.6	1.357	20916	1.059	12.1	0.6312	-2.376
32.7	-0.8713	21003	-1.547	12.49	0.5548	-2.435
32.8	-0.8063	21041	-0.622	12.07	0.5037	-2.525
32.9	0.1222	21120	0.2363	12.28	0.3877	-2.551
33	-0.4363	21191	-0.7648	11.55	0.3067	-2.551
33.1	-1.374	21258	-1.548	11.77	0.2845	-2.708
33.2	-0.6912	21342	-1.3	11.86	0.2475	-2.861
33.3	-0.5027	21394	-0.6509	11.29	0.2181	-2.953
33.4	-0.8126	21495	-1.787	11.83	0.1974	-3.163
33.5	1.441	21542	1.105	11.13	0.1966	-2.926
33.6	1.033	21594	1.104	11.64	0.1777	-2.814
33.7	1.151	21656	1.369	11.59	0.1671	-2.731
33.8	0.7679	21758	1.754	11.54	0.08027	-2.615
33.9	1.24	21793	0.8493	11.3	0.06744	-2.454
34	-1.063	21869	-1.504	11	0.01359	-2.552
34.1	-1.49	21962	-2.072	11.43	0.01032	-2.818
34.2	0.758	22031	1.15	10.88	-0.03236	-2.787
34.3	-0.6941	22111	-1.224	10.75	-0.07857	-2.827
34.4	-1.551	22142	-0.7756	10.74	-0.08161	-3.019
34.5	0.6632	22221	1.182	10.92	-0.1196	-2.896
34.6	0.788	22264	0.6819	10.63	-0.1521	-2.687
34.7	-1.393	22348	-1.987	10.37	-0.1594	-2.976
34.8	-1.202	22446	-2.158	10.83	-0.1674	-3.099
34.9	-1.385	22543	-2.328	10.58	-0.1624	-3.499
35	0.9348	22640	1.895	10.54	-0.1404	-3.177
35.1	0.743	22681	0.6789	10.36	-0.1421	-3.207
35.2	1.571	22754	1.809	10.16	-0.1407	-2.987
35.3	-0.1833	22845	-0.4207	10.14	-0.1767	-3.058
35.4	0.1197	22917	0.2131	9.856	-0.1971	-2.946
35.5	0.2681	22998	0.5315	9.379	-0.2471	-2.833
35.6	-0.6587	23073	-1.092	9.329	-0.2567	-3.004
35.7	-0.6095	23120	-0.6835	9.24	-0.2632	-3.07
35.8	1.249	23176	1.194	9.485	-0.2753	-2.947
35.9	-1.324	23267	-2.218	9.161	-0.2859	-3.104
36	-0.2314	23363	-0.5088	9.208	-0.2526	-3.352
36.1	1.443	23395	0.8331	9.295	-0.2523	-3.268
36.2	1.4	23452	1.33	8.909	-0.266	-2.977
36.3	-0.171	23547	-0.3801	9.138	-0.2852	-3.107
36.4	-1.026	23594	-0.9372	8.631	-0.278	-3.267
36.5	1.561	23641	1.128	8.799	-0.2866	-2.965
36.6	1.317	23715	1.823	8.495	-0.2772	-2.786
36.7	1.474	23744	0.751	9.01	-0.2975	-2.856
36.8	0.3763	23821	0.7503	8.578	-0.3454	-2.644
36.9	1.571	23875	1.374	8.75	-0.3597	-2.666
37	0.4311	23972	1.033	8.235	-0.4874	-2.435
37.1	-1.266	24061	-1.942	8.522	-0.5231	-2.736
37.2	-0.755	24129	-1.15	8.158	-0.5732	-2.71
37.3	1.366	24162	0.7013	8.141	-0.5634	-2.775
37.4	0.1649	24222	0.2304	8.334	-0.6369	-2.697
37.5	0.9896	24300	1.528	7.839	-0.6637	-2.576
37.6	0.7372	24383	1.361	7.961	-0.7454	-2.335
37.7	-0.06842	24416	-0.0553	8.055	-0.8076	-2.365
37.8	-0.325	24459	-0.3573	7.744	-0.8981	-2.447
37.9	-1.294	24511	-1.177	7.867	-0.9217	-2.517
38	0.8121	24583	1.269	7.621	-0.9701	-2.422
38.1	-0.7205	24663	-1.319	7.508	-1.073	-2.5
38.2	-1.214	24741	-1.81	7.678	-1.057	-2.669
38.3	-1.543	24794	-1.32	7.444	-1.104	-2.797
38.4	0.2985	24850	0.4575	7.387	-1.142	-2.782
38.5	-0.09948	24931	-0.2114	7.269	-1.211	-2.774
38.6	0.898	24978	0.8793	6.914	-1.211	-2.689
38.7	0.7793	25045	1.149	6.746	-1.27	-2.628
38.8	0.4145	25079	0.3355	6.89	-1.331	-2.646
38.9	1.273	25106	0.643	6.945	-1.327	-2.607
39	0.1258	25193	0.2722	6.828	-1.412	-2.579
39.1	1.005	25269	1.614	6.823	-1.513	-2.373
39.2	-1.139	25334	-1.434	6.58	-1.505	-2.567
39.3	0.4948	25398	0.7417	6.47	-1.638	-2.372
39.4	-0.7618	25469	-1.239	6.5	-1.695	-2.49
39.5	0.0178	25510	0.01871	6.097	-1.752	-2.514
39.6	1.276	25568	1.352	6.125	-1.708	-2.459
39.7	-0.8269	25633	-1.205	6.162	-1.883	-2.601
39.8	-1.354	25690	-1.43	6.324	-1.859	-2.69
39.9	1.571	25740	1.252	6.015	-1.86	-2.514
40	-0.4147	25805	-0.6822	6.07	-1.862	-2.632
40.1	0.773	25873	1.055	5.911	-2.041	-2.472
40.2	-1.18	25929	-1.196	5.979	-2.032	-2.648
40.3	0.2178	26015	0.4696	5.523	-2.171	-2.525
40.4	0.2723	26054	0.2617	5.669	-2.201	-2.603
40.5	-0.733	26101	-0.7932	5.429	-2.134	-2.653
40.6	-0.7933	26190	-1.533	5.284	-2.196	-2.842
40.7	0.7257	26233	0.7274	5.319	-2.246	-2.689
40.8	-1.277	26284	-1.331	5.132	-2.232	-2.813
40.9	-0.3421	26367	-0.6898	5.207	-2.416	-2.999
41	-0.3456	26408	-0.3405	5.067	-2.315	-3.062
41.1	0.3739	26483	0.627	4.758	-2.347	-2.88
41.2	1.354	26540	1.408	4.832	-2.33	-2.802
41.3	-0.5411	26626	-1.064	4.522	-2.482	-2.91
41.4	0.8638	26695	1.235	4.561	-2.541	-2.677
41.5	-0.5702	26768	-0.9563	4.552	-2.591	-2.914
41.6	1.273	26859	2.124	4.413	-2.638	-2.64
41.7	-0.6842	26942	-1.323	4.102	-2.6	-2.716
41.8	1.033	27041	1.999	4.084	-2.653	-2.586
41.9	0.1438	27093	0.1757	4.026	-2.828	-2.519
42	-0.1634	27149	-0.2137	3.88	-2.789	-2.616
42.1	0.6781	27252	1.506	3.689	-2.847	-2.442
42.2	0.4105	27351	0.9199	3.717	-3.055	-2.275
42.3	0.2468	27396	0.2704	3.464	-3.167	-2.225
42.4	-0.2878	27496	-0.7175	3.406	-3.272	-2.39
42.5	0.3555	27552	0.5024	3.348	-3.397	-2.364
42.6	0.8796	27596	0.8078	3.269	-3.45	-2.306
42.7	-0.237	27621	-0.1606	3.294	-3.569	-2.232
42.8	0.3686	27691	0.6372	3.008	-3.733	-2.256
42.9	0.363	27764	0.5841	3.101	-3.682	-2.194
43	0.1555	27860	0.3464	2.894	-4.029	-2.032
43.1	-0.3316	27963	-0.839	2.743	-4.227	-2.24
43.2	0.8461	28041	1.555	2.621	-4.43	-2.065
43.3	-1.518	28082	-0.9463	2.754	-4.392	-2.142
43.4	-0.5288	28156	-0.9544	2.686	-4.53	-2.193
43.5	-0.1602	28215	-0.2064	2.475	-4.458	-2.304
43.6	0.9849	28265	1.081	2.437	-4.603	-2.112
43.7	0.8381	28349	1.628	2.373	-4.633	-1.953
43.8	0.267	28392	0.2935	2.311	-4.776	-1.886
43.9	1.158	28488	2.191	2.311	-4.814	-1.745
44	-1.361	28587	-2.231	2.272	-5.121	-1.899
44.1	-0.9257	28648	-1.066	2.327	-5.101	-2.07
44.2	-0.5587	28737	-1.089	2.28	-5.25	-2.248
44.3	-0.05236	28785	-0.06289	2.167	-5.4	-2.232
44.4	-1.307	28820	-0.7472	2.194	-5.207	-2.311
44.5	0.4618	28885	0.769	2.02	-5.538	-2.213
44.6	-1.249	28910	-0.6408	2.09	-5.608	-2.319
44.7	-1.236	29013	-2.392	2.039	-5.494	-2.482
44.8	0.08639	29066	0.1178	1.875	-5.408	-2.544
44.9	-1.21	29093	-0.5888	1.799	-5.703	-2.528
45	-0.2269	29120	-0.1484	1.818	-5.629	-2.493
45.1	0.08901	29221	0.2096	1.573	-5.88	-2.599
45.2	1.534	29313	2.445	1.644	-5.773	-2.313
45.3	1.279	29372	1.314	1.541	-5.862	-2.153
45.4	-0.9676	29445	-1.424	1.483	-5.939	-2.296
45.5	-0.2848	29478	-0.2273	1.418	-5.759	-2.32
45.6	-0.3482	29536	-0.4715	1.352	-6.156	-2.367
45.7	0.843	29604	1.236	1.312	-6.246	-2.31
45.8	0.2765	29659	0.3572	1.171	-6.04	-2.228
45.9	-1.271	29728	-1.559	1.184	-6.456	-2.426
46	1.287	29793	1.521	1.148	-6.296	-2.164
46.1	1.216	29842	1.067	1.136	-6.205	-2.098
46.2	-0.5641	29883	-0.5408	1.079	-6.47	-2.174
46.3	0.5817	29925	0.54	1.035	-6.281	-2.078
46.4	-1.05	30005	-1.691	1.005	-6.429	-2.272
46.5	-0.6409	30038	-0.4432	0.9614	-6.476	-2.364
46.6	-0.1977	30102	-0.2967	0.8269	-6.585	-2.348
46.7	-1.555	30159	-1.502	0.8104	-6.921	-2.47
46.8	0.8378	30190	0.5654	0.8124	-6.75	-2.486
46.9	-0.03595	30230	-0.03441	0.7086	-6.607	-2.391
47	-0.8449	30296	-1.189	0.6107	-6.881	-2.513
47.1	-0.08901	30378	-0.1824	0.4587	-6.919	-2.556
47.2	-0.1326	30417	-0.1306	0.3661	-7.109	-2.543
47.3	0.4887	30482	0.7153	0.2527	-7.328	-2.496
47.4	-0.5011	30525	-0.5117	0.1796	-7.023	-2.495
47.5	0.08552	30607	0.1895	0.005411	-7.5	-2.554
47.6	0.1815	30711	0.4135	-0.1872	-7.492	-2.436
47.7	1.158	30776	1.471	-0.2341	-7.606	-2.348
47.8	-0.599	30847	-0.9544	-0.341	-7.703	-2.515
47.9	-0.7805	30875	-0.5048	-0.3935	-7.432	-2.464
48	-0.3482	30936	-0.505	-0.4805	-7.506	-2.642
48.1	0.9519	31006	1.304	-0.5669	-7.948	-2.432
48.2	0.7257	31048	0.6766	-0.6138	-7.533	-2.319
48.3	-0.2541	31080	-0.2057	-0.6898	-7.664	-2.41
48.4	1.571	31125	1.068	-0.7075	-7.825	-2.232
48.5	-1.168	31181	-1.345	-0.7363	-7.625	-2.36
48.6	0.9613	31234	1.07	-0.8011	-7.758	-2.345
48.7	0.7948	31333	1.765	-0.8962	-7.891	-2.061
48.8	-1.365	31397	-1.509	-0.9136	-8.156	-2.228
48.9	0.1079	31476	0.2073	-0.9898	-8.143	-2.253
49	1.571	31575	2.551	-1.035	-8.48	-2.028
49.1	-0.6048	31656	-1.131	-1.099	-8.203	-2.16
49.2	1.279	31713	1.378	-1.14	-8.49	-1.919
49.3	-1.393	31798	-1.971	-1.162	-8.678	-2.23
49.4	1.173	31857	1.293	-1.131	-8.637	-2.112
49.5	-1.156	31886	-0.6737	-1.155	-8.49	-2.182
49.6	-1.273	31923	-0.8335	-1.202	-8.763	-2.246
49.7	-0.925	31969	-0.8938	-1.235	-8.306	-2.296
49.8	1.571	32022	1.276	-1.247	-8.563	-2.195
49.9	-0.3142	32118	-0.6916	-1.326	-8.826	-2.29
50	0.4145	32177	0.5794	-1.444	-8.575	-2.208
50.1	-0.05445	32231	-0.07193	-1.509	-8.773	-2.237
50.2	0.9749	32309	1.647	-1.611	-9.225	-1.967
50.3	0.03351	32358	0.04317	-1.632	-9.058	-2.004
50.4	-0.1161	32430	-0.2054	-1.639	-9.019	-2.085
50.5	1.507	32504	1.842	-1.749	-9.131	-1.906
50.6	1.14	32573	1.457	-1.713	-9.193	-1.706
50.7	-0.2644	32624	-0.308	-1.697	-9.493	-1.771
50.8	-0.4398	32705	-0.7827	-1.736	-9.378	-1.834
50.9	0.9872	32743	0.7378	-1.836	-9.426	-1.758
51	0.6199	32813	1.032	-1.765	-9.66	-1.652
51.1	-0.4887	32845	-0.3595	-1.862	-10.22	-1.737
51.2	0.8378	32910	1.259	-1.759	-10.13	-1.58
51.3	-0.4492	32975	-0.6644	-1.872	-10.07	-1.667
51.4	0.7404	33041	0.9979	-1.801	-10.49	-1.563
51.5	0.2848	33080	0.2571	-1.778	-10.07	-1.475
51.6	0.6632	33134	0.8532	-1.822	-10.79	-1.438
51.7	0.7372	33200	1.058	-1.817	-10.91	-1.288
51.8	-0.5306	33254	-0.7211	-1.756	-10.38	-1.359
51.9	0.6053	33313	0.7722	-1.73	-11.04	-1.268
52	-0.6651	33371	-0.891	-1.705	-11.26	-1.351
52.1	1.081	33457	1.816	-1.692	-10.82	-1.242
52.2	1.192	33524	1.565	-1.616	-11.2	-1.058
52.3	0.9896	33610	1.615	-1.612	-11.53	-0.8742
52.4	1.181	33700	1.994	-1.504	-11.25	-0.691
52.5	0.4063	33798	0.9775	-1.332	-11.61	-0.5758
52.6	1.1	33853	1.092	-1.282	-11.18	-0.4632
52.7	0.7788	33917	1.09	-1.205	-11.57	-0.3567
52.8	-0.9331	33943	-0.5629	-1.192	-11.81	-0.3986
52.9	-0.5932	34042	-1.376	-0.9954	-11.33	-0.5283
53	-0.8638	34106	-1.073	-0.8678	-11.38	-0.6521
53.1	-0.9407	34165	-1.23	-0.8307	-11.44	-0.7495
53.2	-0.4719	34267	-0.9915	-0.665	-11.59	-0.8859
53.3	0.835	34316	0.8828	-0.622	-11.89	-0.8046
53.4	0.2178	34363	0.257	-0.5609	-12.09	-0.7541
53.5	-1.136	34420	-1.279	-0.4885	-12.38	-0.8807
53.6	-0.6632	34504	-1.214	-0.4106	-12.52	-1.003
53.7	0.8639	34537	0.6391	-0.3814	-12.19	-0.98
53.8	1.551	34632	2.308	-0.3795	-11.83	-0.716
53.9	1.571	34691	1.396	-0.3566	-12.57	-0.5634
54	0.1161	34789	0.2961	-0.1609	-11.96	-0.5344
54.1	-0.7079	34873	-1.254	-0.03315	-12.3	-0.6531
54.2	-1.571	34906	-0.8011	-0.03283	-12.55	-0.7673
54.3	-0.6603	34952	-0.702	0.02884	-12.86	-0.8308
54.4	-1.261	35016	-1.46	0.05537	-12.89	-0.9672
54.5	-1.564	35073	-1.335	0.06197	-12.27	-1.114
54.6	0.9311	35126	1.023	0.09503	-12.21	-0.9859
54.7	-0.0356	35219	-0.08226	0.2239	-12.53	-0.9942
54.8	0.1161	35289	0.2126	0.328	-12.92	-1.003
54.9	-0.491	35322	-0.3689	0.3544	-13.11	-1.021
55	-1.234	35413	-2.147	0.3927	-12.66	-1.217
55.1	0.6964	35473	0.8826	0.4269	-13.42	-1.175
55.2	0.8985	35535	1.126	0.4924	-13.5	-1.035
55.3	-0.3267	35608	-0.5995	0.5546	-13.26	-1.06
55.4	1.4	35669	1.411	0.5666	-13.28	-0.9178
55.5	1.507	35764	2.236	0.6082	-13.56	-0.703
55.6	-0.192	35844	-0.3994	0.7575	-13.7	-0.7557
55.7	0.7156	35870	0.3977	0.7706	-13.32	-0.6996
55.8	0.9791	35941	1.482	0.8435	-13.93	-0.5501
55.9	-0.809	36019	-1.466	0.9554	-13.33	-0.7165
56	-0.9158	36095	-1.374	1.041	-14.23	-0.8695
56.1	-1.193	36137	-0.9742	1.078	-13.44	-0.9709
56.2	1.185	36177	0.8764	1.119	-14.15	-0.8556
56.3	0.5702	36259	1.098	1.245	-14.27	-0.7511
56.4	0.2848	36320	0.4059	1.314	-13.81	-0.7037
56.5	-1.011	36393	-1.452	1.413	-14.57	-0.8835
56.6	-1.234	36450	-1.379	1.418	-14.48	-0.9726
56.7	0.5702	36485	0.4538	1.488	-14.25	-0.9846
56.8	1.481	36525	1.031	1.48	-14.12	-0.8302
56.9	-0.4363	36610	-0.9258	1.6	-14.7	-0.9723
57	0.496	36702	1.04	1.659	-14.85	-0.8262
57.1	-0.2513	36782	-0.5004	1.777	-14.7	-0.8576
57.2	0.1618	36831	0.1841	1.83	-15.23	-0.8401
57.3	1.343	36891	1.448	1.916	-15.26	-0.7126
57.4	-1.216	36934	-1.027	1.947	-14.4	-0.8132
57.5	1.271	37026	2.012	2.003	-14.45	-0.6039
57.6	-0.6292	37102	-1.03	2.167	-15.44	-0.7391
57.7	-0.1745	37170	-0.2837	2.216	-14.95	-0.7669
57.8	1.198	37241	1.672	2.271	-15.44	-0.6045
57.9	-0.6472	37280	-0.5655	2.311	-15.19	-0.6569
58	0.07051	37369	0.1605	2.537	-15.02	-0.6348
58.1	-1.039	37401	-0.6516	2.616	-15.19	-0.6949
58.2	0.0171	37433	0.01302	2.625	-14.93	-0.6866
58.3	0.7371	37506	1.117	2.733	-15.63	-0.5714
58.4	1.385	37552	1.117	2.667	-15.79	-0.4714
58.5	1.466	37615	1.531	2.709	-15.65	-0.3012
58.6	0.1466	37646	0.1004	2.777	-15.67	-0.2912
58.7	0.9076	37737	1.836	2.918	-15.39	-0.1291
58.8	0.1815	37833	0.4175	3.21	-16.04	-0.08234
58.9	-0.1173	37929	-0.2834	3.468	-15.43	-0.1127
59	0.8723	37966	0.6876	3.592	-15.75	-0.04613
59.1	-1.441	38001	-0.855	3.563	-15.28	-0.1369
59.2	0.8985	38031	0.5512	3.468	-15.13	-0.0764
59.3	-1.471	38080	-1.187	3.582	-15.13	-0.1886
59.4	-0.2032	38178	-0.5305	3.741	-15.81	-0.2429
59.5	0.7371	38206	0.4348	3.904	-15.35	-0.2035
59.6	-0.8449	38269	-1.157	4.006	-15.85	-0.3045
59.7	-0.2566	38361	-0.5217	4.247	-15.76	-0.3733
59.8	0.08814	38459	0.2201	4.348	-15.52	-0.338
59.9	-1.045	38510	-1.194	4.27	-15.55	-0.4436
60	-0.6651	38555	-0.6018	4.565	-16.22	-0.5142
60.1	-1.128	38626	-1.645	4.674	-15.47	-0.6625
60.2	-1.438	38699	-1.668	4.56	-15.49	-0.8681
60.3	-1.204	38771	-1.672	4.648	-16.18	-0.9898
60.4	-0.6566	38832	-0.9743	4.521	-15.8	-1.082
60.5	1.016	38913	1.813	4.62	-16.21	-0.948
60.6	1.437	39005	2.156	4.683	-15.9	-0.6978
60.7	1.452	39039	0.7812	4.883	-15.75	-0.6337
60.8	-0.1997	39070	-0.1484	4.803	-16.61	-0.6425
60.9	0.5529	39157	1.036	4.897	-15.89	-0.5505
61	-1.219	39245	-1.905	4.848	-16.25	-0.7476
61.1	-0.6329	39280	-0.5158	4.949	-15.97	-0.7625
61.2	1.439	39352	1.773	4.96	-16.31	-0.6233
61.3	1.357	39400	1.059	5.128	-16.32	-0.4887
61.4	-0.9802	39469	-1.317	5.159	-16.04	-0.6329
61.5	-0.6632	39528	-0.9466	5.142	-16.27	-0.7358
61.6	-1.015	39584	-1.194	5.196	-16.66	-0.8323
61.7	-0.5027	39639	-0.6952	5.323	-16.75	-0.9264
61.8	-0.6831	39737	-1.51	5.482	-17.25	-1.088
61.9	-0.2094	39833	-0.4799	5.533	-16.94	-1.105
62	0.8011	39880	0.8497	5.742	-17.18	-1.011
62.1	-1.42	39941	-1.437	5.694	-17.2	-1.165
62.2	-1.456	40009	-1.67	5.646	-17.05	-1.364
62.3	0.2321	40077	0.43	5.632	-17.04	-1.308
62.4	-1.498	40106	-0.7702	5.69	-17.92	-1.355
62.5	0.8545	40134	0.5311	5.872	-17.09	-1.357
62.6	0.5697	40162	0.3678	5.888	-17.14	-1.243
62.7	0.08727	40216	0.1146	5.638	-17.26	-1.283
62.8	-0.821	40268	-0.957	5.948	-17.52	-1.326
62.9	-0.8039	40318	-0.8885	5.614	-17.6	-1.5
63	1.441	40365	1.185	5.731	-17.79	-1.315
63.1	-0.171	40451	-0.3508	5.773	-17.63	-1.336
63.2	-0.7037	40523	-1.199	5.732	-18.66	-1.452
63.3	-1.03	40567	-0.8794	5.792	-17.81	-1.637
63.4	1.325	40629	1.465	5.853	-18.22	-1.42
63.5	-0.1466	40712	-0.2758	5.934	-18.05	-1.522
63.6	-0.8894	40770	-1.064	5.879	-17.96	-1.633
63.7	-1.294	40818	-1.201	5.7	-18.18	-1.7
63.8	-0.7205	40884	-1.088	6.031	-19.04	-1.772
63.9	0.7505	40919	0.6152	5.667	-18.17	-1.75
64	0.9119	40964	0.8444	5.951	-18.79	-1.632
64.1	0.5815	41013	0.6193	5.653	-18.88	-1.617
64.2	-1.204	41097	-1.894	5.644	-18.58	-1.836
64.3	-1.078	41171	-1.684	5.792	-19.23	-1.969
64.4	0.9435	41260	1.695	5.808	-18.78	-1.772
64.5	-1.307	41307	-1.059	5.687	-19.57	-1.955
64.6	0.9119	41407	1.949	5.714	-19.9	-1.722
64.7	-0.7261	41470	-0.9442	5.806	-19.05	-1.769
64.8	-0.2539	41550	-0.5229	5.641	-19.43	-1.895
64.9	-0.0356	41608	-0.04947	5.714	-19.76	-1.881
65	-0.8121	41639	-0.5565	5.418	-19.21	-1.88
65.1	1.571	41681	0.9713	5.529	-19.81	-1.766
65.2	-0.8126	41722	-0.7403	5.621	-19.88	-1.838
65.3	-0.4807	41796	-0.8751	5.395	-19.83	-2.021
65.4	0.9407	41838	0.849	5.594	-19.89	-1.899
65.5	1.531	41926	2.114	5.317	-19.9	-1.647
65.6	-0.899	41979	-1.021	5.578	-20.79	-1.796
65.7	0.2737	42068	0.5626	5.597	-20.38	-1.738
65.8	1.252	42107	0.8579	5.484	-20.61	-1.615
65.9	1.252	42169	1.447	5.431	-20.05	-1.5
66	0.7514	42228	0.9785	5.445	-19.95	-1.391
66.1	-1.253	42296	-1.604	5.395	-19.99	-1.593
66.2	-1.146	42382	-2.021	5.444	-20.9	-1.758
66.3	1.134	42417	0.7808	5.602	-20.94	-1.676
66.4	1.33	42485	1.597	5.384	-20.77	-1.471
66.5	-0.8063	42587	-1.755	5.327	-21.37	-1.62
66.6	-0.3456	42685	-0.7807	5.515	-21.16	-1.783
66.7	-1.4	42766	-1.924	5.452	-21.83	-1.983
66.8	1.258	42846	1.665	5.326	-21.25	-1.804
66.9	-0.9849	42924	-1.513	5.192	-21.13	-1.981
67	0.06981	43001	0.1279	5.342	-21.53	-1.929
67.1	-1.122	43097	-1.994	5.244	-21.4	-2.074
67.2	-1.282	43192	-2.262	5.2	-22.33	-2.291
67.3	1.187	43265	1.656	5.054	-21.51	-2.21
67.4	0.03595	43317	0.04069	5.038	-22.49	-2.098
67.5	-0.8788	43364	-0.9032	4.895	-22.55	-2.279
67.6	-0.4887	43416	-0.616	5.118	-21.98	-2.388
67.7	-0.9774	43491	-1.651	4.939	-22.71	-2.552
67.8	-1.008	43531	-0.7449	4.846	-21.64	-2.556
67.9	1.125	43624	2.102	4.903	-21.49	-2.393
68	0.8988	43702	1.511	4.677	-21.58	-2.257
68.1	1.361	43789	2.089	4.603	-21.63	-2.02
68.2	-1.571	43877	-2.023	4.508	-21.86	-2.255
68.3	-0.2395	43977	-0.5937	4.505	-22.94	-2.315
68.4	-0.5184	44025	-0.5522	4.532	-23.24	-2.28
68.5	0.7603	44064	0.6308	4.401	-22.84	-2.285
68.6	0.2155	44136	0.3962	4.258	-22.75	-2.136
68.7	-0.2819	44212	-0.5442	4.188	-23.35	-2.327
68.8	1.252	44308	2.388	4.104	-22.27	-2.072
68.9	-0.4276	44339	-0.322	3.989	-23.25	-2.085
69	-1.571	44367	-0.6493	4.192	-22.57	-2.192
69.1	0.7957	44442	1.337	4.012	-23.83	-1.997
69.2	-0.2321	44483	-0.2502	3.929	-23.46	-2.023
69.3	-0.3047	44509	-0.1952	3.902	-23.98	-2.002
69.4	-1.277	44601	-2.112	4.073	-23.32	-2.308
69.5	-0.0733	44688	-0.1458	3.857	-22.78	-2.277
69.6	-0.4807	44778	-0.9295	3.69	-23.38	-2.42
69.7	-0.8788	44861	-1.627	3.703	-23.22	-2.536
69.8	-0.2224	44925	-0.3534	3.433	-23.55	-2.52
69.9	-1.488	45028	-2.55	3.491	-23.08	-2.79
70	1.026	45129	1.875	3.268	-24.56	-2.674
70.1	1.227	45188	1.42	3.394	-24.11	-2.482
70.2	1.434	45253	1.597	3.207	-24.13	-2.395
70.3	-0.4719	45316	-0.6826	3.146	-23.99	-2.463
70.4	1.414	45404	2.072	3.188	-23.53	-2.212
70.5	1.516	45465	1.459	3.246	-23.3	-1.984
70.6	0.3974	45525	0.5466	3.034	-23.41	-1.971
70.7	-0.1745	45609	-0.358	2.953	-24.8	-2.085
70.8	1.094	45701	2.038	2.923	-24.15	-1.841
70.9	1.437	45775	1.936	3.069	-25.15	-1.684
71	0.01658	45816	0.01799	2.884	-24.76	-1.682
71.1	-1.232	45905	-2.181	2.962	-23.84	-1.896
71.2	-1.393	45954	-1.155	2.866	-24.11	-1.896
71.3	1.156	46011	1.26	3.028	-25.38	-1.773
71.4	-1.3	46052	-0.9912	2.843	-24.18	-1.924
71.5	0.788	46096	0.7	2.908	-25.48	-1.8
71.6	-0.7514	46124	-0.4174	2.951	-24.79	-1.842
71.7	-0.9236	46206	-1.502	2.934	-24.4	-1.993
71.8	-1.317	46270	-1.518	2.74	-24.68	-2.208
71.9	1.322	46336	1.628	2.802	-24.47	-2.005
72	-1.019	46405	-1.379	2.674	-24.29	-2.257
72.1	-0.9713	46463	-1.035	2.625	-25.1	-2.299
72.2	1.106	46497	0.72	2.629	-25.38	-2.247
72.3	0.2876	46593	0.6234	2.524	-25.07	-2.116
72.4	-0.2224	46653	-0.3147	2.419	-25.69	-2.148
72.5	-0.3595	46693	-0.3526	2.341	-25.26	-2.159
72.6	-1.473	46768	-1.789	2.407	-25.52	-2.38
72.7	-1.365	46864	-2.361	2.369	-24.78	-2.725
72.8	-1.571	46927	-1.5	2.321	-24.78	-2.828
72.9	-1.534	47023	-2.353	2.427	-25.04	-3.045
73	0.01745	47108	0.03604	2.149	-25.06	-3.102
73.1	0.4095	47171	0.6084	2.032	-26.1	-2.923
73.2	1.136	47265	2.018	1.903	-26.38	-2.687
73.3	0.6393	47295	0.4343	1.812	-25.38	-2.672
73.4	0.791	47365	1.166	1.736	-25.18	-2.577
73.5	0.5418	47430	0.7934	1.679	-25.25	-2.499
73.6	0.4948	47511	0.9377	1.484	-25.1	-2.454
73.7	-0.1618	47561	-0.1958	1.419	-25.96	-2.449
73.8	-0.925	47597	-0.6931	1.392	-26.77	-2.515
73.9	0.687	47628	0.5153	1.317	-26.81	-2.538
74	-0.4807	47671	-0.5165	1.251	-26.87	-2.438
74.1	-0.3934	47751	-0.7825	1.108	-25.4	-2.668
74.2	0.8954	47812	1.195	1.036	-26.76	-2.498
74.3	-1.21	47869	-1.326	0.9873	-25.74	-2.629
74.4	0.03316	47927	0.05104	0.8512	-26.08	-2.65
74.5	0.8039	47997	1.244	0.7456	-26.41	-2.547
74.6	-0.01676	48038	-0.01721	0.6432	-27.26	-2.4
74.7	-1.38	48097	-1.433	0.6342	-27.02	-2.589
74.8	0.06702	48129	0.05424	0.5757	-26.79	-2.635
74.9	-0.1068	48176	-0.1254	0.4559	-25.79	-2.595
75	-1.571	48274	-2.429	0.4745	-26.85	-2.89
75.1	-1.058	48360	-1.831	0.3713	-26.61	-3.047
75.2	1.115	48428	1.481	0.293	-27.15	-2.989
75.3	1.375	48516	1.936	0.2417	-26.37	-2.7
75.4	0.7184	48561	0.7169	0.1764	-26.4	-2.626
75.5	1.36	48631	1.661	0.1539	-26.95	-2.463
75.6	1.343	48708	1.752	0.1182	-26.72	-2.24
75.7	-1.227	48762	-1.291	0.08389	-27.28	-2.46
75.8	1.439	48857	2.204	0.07398	-27.57	-2.121
75.9	0.7948	48937	1.356	0.001864	-26.07	-2.107
76	0.3236	48972	0.2553	-0.03247	-26.41	-1.98
76.1	-0.6053	49030	-0.8279	-0.08968	-27.87	-2.142
76.2	-0.4807	49058	-0.2948	-0.122	-27.65	-2.173
76.3	0.5993	49118	0.8339	-0.1844	-27.21	-2.024
76.4	-0.3775	49181	-0.5854	-0.2438	-27.89	-2.164
76.5	-0.2053	49266	-0.3927	-0.3426	-27.78	-2.078
76.6	0.1815	49330	0.2897	-0.4332	-27.64	-2.136
76.7	0.899	49359	0.5255	-0.4505	-27.13	-1.997
76.8	-0.6053	49406	-0.6523	-0.5094	-28.05	-2.19
76.9	0.141	49496	0.3145	-0.613	-28.52	-2.032
77	1.304	49589	2.218	-0.6445	-28.3	-1.892
77.1	-0.7627	49650	-1.014	-0.7057	-27.83	-1.936
77.2	0.5753	49714	0.8241	-0.7325	-27.39	-1.93
77.3	-1.445	49743	-0.726	-0.7433	-27.68	-1.982
77.4	1.223	49773	0.6671	-0.7506	-27.7	-1.932
77.5	-0.6535	49819	-0.6557	-0.7743	-28.63	-1.94
77.6	0.2016	49911	0.4405	-0.8734	-27.71	-1.896
77.7	-0.9343	49947	-0.7198	-0.8585	-28.9	-1.946
77.8	0.5986	49988	0.6031	-0.8804	-28.69	-1.926
77.9	0.1977	50081	0.4406	-0.9931	-29.2	-1.825
78	0.5875	50123	0.5507	-1.037	-28.12	-1.864
78.1	0.315	50158	0.2505	-1.035	-29.35	-1.819
78.2	0.2314	50242	0.4445	-1.034	-29.84	-1.791
78.3	1.41	50300	1.388	-1.058	-28.7	-1.583
78.4	-0.3351	50367	-0.5534	-1.09	-29.43	-1.652
78.5	-0.7372	50405	-0.6547	-1.078	-29.5	-1.789
78.6	0.3934	50494	0.8364	-1.113	-28.81	-1.669
78.7	-0.6522	50572	-1.202	-1.146	-29.26	-1.822
78.8	-1.293	50650	-1.777	-1.157	-30.19	-1.927
78.9	-0.3814	50694	-0.3775	-1.146	-30.57	-1.966
79	-0.8803	50780	-1.697	-1.231	-30.69	-2.13
79.1	-1.093	50834	-1.262	-1.256	-30.14	-2.205
79.2	0.8812	50892	1.049	-1.346	-29.91	-2.233
79.3	-1.481	50928	-0.8382	-1.325	-29.91	-2.206
79.4	0.2618	51007	0.4794	-1.45	-29.45	-2.18
79.5	0.8894	51052	0.8649	-1.53	-29.5	-2.098
79.6	-1.211	51091	-0.8875	-1.521	-31.05	-2.142
79.7	-0.8723	51166	-1.45	-1.535	-29.92	-2.33
79.8	0.899	51233	1.172	-1.615	-31.22	-2.186
79.9	-1.084	51281	-0.9742	-1.629	-31.26	-2.379
80	-1.24	51359	-1.716	-1.697	-31.61	-2.561
80.1	0.5587	51415	0.7218	-1.782	-31.06	-2.512
80.2	0.8465	51487	1.367	-1.843	-31.14	-2.258
80.3	-0.6981	51572	-1.341	-1.954	-31.26	-2.365
80.4	-0.6264	51666	-1.505	-2.105	-30.44	-2.557
80.5	-0.3056	51762	-0.6465	-2.378	-30.54	-2.595
80.6	-0.2566	51830	-0.4228	-2.439	-31.55	-2.662
80.7	-0.4356	51925	-0.9102	-2.656	-31.63	-2.81
80.8	-0.8545	51952	-0.5108	-2.721	-31.33	-2.889
80.9	0.2269	52030	0.4196	-2.893	-30.76	-2.79
81	-0.5356	52066	-0.449	-2.937	-30.48	-2.78
81.1	-0.1246	52152	-0.2466	-3.26	-30.85	-2.805
81.2	0.6048	52187	0.4323	-3.294	-32.44	-2.733
81.3	-1.266	52252	-1.497	-3.171	-32.14	-3.021
81.4	1.3	52323	1.704	-3.344	-31.52	-2.732
81.5	0.4571	52353	0.3176	-3.473	-31.23	-2.837
81.6	-1.407	52457	-2.49	-3.465	-32.5	-3.091
81.7	0.2487	52511	0.3171	-3.519	-32.2	-2.909
81.8	-0.5925	52597	-1.175	-3.57	-32.54	-3.113
81.9	-0.8629	52666	-1.269	-3.797	-30.64	-3.115
82	-0.3204	52696	-0.2166	-3.978	-30.63	-3.201
82.1	0.6199	52741	0.6204	-4.063	-30.63	-3.107
82.2	1.152	52800	1.218	-4.04	-31.58	-3.137
82.3	-0.363	52856	-0.4674	-4.216	-31.59	-3.187
82.4	0.7372	52895	0.6915	-4.328	-31.91	-2.997
82.5	-0.4581	52992	-0.9543	-4.318	-30.98	-3.092
82.6	-0.2073	53041	-0.2629	-4.574	-30.98	-3.117
82.7	-0.3526	53088	-0.3861	-4.496	-30.66	-3.219
82.8	1.025	53158	1.455	-4.587	-30.66	-3.074
82.9	-1.376	53221	-1.596	-4.747	-30.98	-3.229
83	-0.9791	53277	-1.154	-4.78	-31.28	-3.214
83.1	0.0356	53323	0.0358	-4.885	-30.63	-3.277
83.2	1.204	53351	0.6287	-4.909	-31.26	-3.213
83.3	-0.2157	53392	-0.203	-4.951	-32.2	-3.298
83.4	1.03	53467	1.464	-5.039	-30.62	-3.023
83.5	-0.3267	53564	-0.7061	-5.256	-32.19	-3.156
83.6	-1.118	53621	-1.245	-5.378	-32.18	-3.412
83.7	-1.49	53662	-0.9419	-5.272	-31.24	-3.445
83.8	-0.9872	53721	-1.261	-5.512	-32.16	-3.531
83.9	-1.193	53808	-2.048	-5.474	-30.86	-3.804
84	-1.228	53897	-1.978	-5.816	-31.44	-3.934
84.1	-0.1815	53934	-0.1593	-5.88	-31.06	-3.949
84.2	0.6199	53997	0.9371	-5.969	-30.66	-3.975
84.3	-0.4838	54038	-0.5033	-5.98	-31.85	-3.908
84.4	1.357	54113	1.75	-6.062	-31.83	-3.798
84.5	0.1089	54197	0.2083	-6.174	-31.72	-3.776
84.6	0.6798	54260	1.048	-6.092	-31.05	-3.531
84.7	-0.282	54342	-0.5381	-6.451	-31.88	-3.658
84.8	-0.5864	54421	-1.067	-6.533	-30.55	-3.727
84.9	1.409	54502	2.065	-6.418	-31.78	-3.6
85	-0.3016	54594	-0.6695	-6.874	-31.38	-3.706
85.1	0.9331	54628	0.6684	-6.582	-30.43	-3.639
85.2	-1.123	54662	-0.7987	-6.881	-30.11	-3.647
85.3	-0.5288	54728	-0.8633	-6.868	-31.57	-3.804
85.4	-0.8545	54761	-0.586	-6.701	-31.54	-3.79
85.5	0.2487	54858	0.5612	-6.875	-31.1	-3.843
85.6	0.5817	54914	0.6858	-7.039	-31.04	-3.769
85.7	-1.481	54990	-1.87	-7.127	-29.82	-3.775
85.8	0.3016	55071	0.5898	-7.265	-30.31	-3.793
85.9	-1.458	55144	-1.674	-7.419	-30	-3.883
86	-0.6587	55239	-1.304	-7.308	-29.26	-4.138
86.1	0.1997	55270	0.1461	-7.275	-30.11	-4.124
86.2	-1.34	55328	-1.334	-7.593	-30.38	-4.343
86.3	1.104	55411	1.81	-7.725	-29.7	-3.987
86.4	-0.8901	55456	-0.8291	-7.54	-29.04	-4.153
86.5	-1.144	55485	-0.6737	-7.859	-30.22	-4.265
86.6	-1.571	55581	-2.578	-7.555	-29.31	-4.384
86.7	-1.29	55660	-1.94	-7.563	-30.17	-4.615
86.8	-0.4363	55693	-0.3491	-7.799	-30.69	-4.558
86.9	0.8894	55781	1.614	-7.818	-29.66	-4.407
87	0.8723	55837	0.9803	-7.687	-29.58	-4.485
87.1	-0.2016	55908	-0.3358	-7.892	-30.3	-4.563
87.2	-0.9617	56011	-2.144	-7.528	-29.87	-4.685
87.3	0.6981	56095	1.252	-8.015	-28.26	-4.601
87.4	-1.104	56174	-1.781	-7.792	-29.62	-4.784
87.5	-1.054	56207	-0.708	-7.869	-29.29	-4.858
87.6	0.4145	56258	0.5124	-7.633	-28.02	-4.662
87.7	-0.7051	56314	-0.8723	-8.018	-29.07	-4.943
87.8	-1.206	56407	-2.196	-7.615	-29	-5.124
87.9	-0.9969	56455	-0.9734	-7.515	-28.08	-5.066
88	0.7051	56516	1.017	-7.476	-27.97	-5.019
88.1	-0.2337	56617	-0.5565	-7.556	-28.61	-4.92
88.2	-0.9718	56721	-2.081	-7.575	-27.64	-5.225
88.3	0.1079	56778	0.1468	-7.723	-28.65	-5.263
88.4	-1.571	56840	-1.473	-7.723	-27.24	-5.302
88.5	-1.175	56940	-2.153	-7.576	-28.3	-5.52
88.6	-0.5641	57038	-1.353	-7.325	-27.9	-5.648
88.7	0.5236	57105	0.7737	-6.992	-27.27	-5.57
88.8	-0.1222	57194	-0.2572	-6.821	-26.88	-5.595
88.9	-1.334	57261	-1.551	-7.138	-27.42	-5.814
89	0.5082	57320	0.7121	-6.744	-27.92	-5.804
89.1	-0.743	57409	-1.364	-6.608	-28.13	-5.885
89.2	-0.3934	57492	-0.7365	-6.567	-26.98	-6.141
89.3	-0.8449	57596	-1.705	-6.147	-27.5	-6.015
89.4	1.211	57689	2.119	-6.251	-27.21	-5.922
89.5	1.115	57735	0.9726	-6.203	-28.29	-5.828
89.6	-1.117	57826	-2.125	-6.238	-26.61	-6.215
89.7	-1.067	57913	-1.742	-5.963	-27.43	-6.212
89.8	-1.107	57979	-1.443	-5.828	-26.88	-6.476
89.9	0.9887	58008	0.5483	-5.732	-28.26	-6.23
90	-1.307	58089	-1.925	-5.729	-28.27	-6.425
90.1	-1.536	58172	-2.002	-5.898	-28	-6.752
90.2	1.14	58235	1.524	-5.952	-27.2	-6.802
90.3	-1.414	58321	-2.158	-5.633	-28.31	-6.82
90.4	0.3204	58375	0.3945	-5.814	-26.72	-6.646
90.5	-1.553	58446	-1.619	-5.473	-27.55	-7.157
90.6	-0.7205	58535	-1.392	-5.696	-27.65	-7.231
90.7	0.1222	58564	0.08704	-5.48	-28.53	-7.009
90.8	-1.51	58621	-1.461	-5.415	-27.71	-7.075
90.9	-1.361	58719	-2.496	-5.336	-27.48	-7.382
91	-0.6353	58763	-0.5617	-5.361	-28.39	-7.516
91.1	1.115	58806	0.8618	-5.559	-28.44	-7.501
91.2	1.081	58856	1.083	-5.314	-27.94	-7.102
91.3	1.106	58893	0.8233	-5.295	-28.81	-7.024
91.4	-0.7404	58945	-0.8957	-5.349	-28.05	-7.476
91.5	-0.8531	59045	-1.849	-5.172	-27.36	-7.361
91.6	-0.6702	59120	-1.251	-5.081	-28.91	-7.785
91.7	0.3917	59179	0.5517	-5.202	-28.19	-7.653
91.8	1.335	59226	1.134	-5.244	-28.5	-7.319
91.9	-0.7442	59304	-1.234	-5.248	-28.35	-7.368
92	-0.4232	59398	-0.9925	-5.204	-28.84	-7.845
92.1	0.7526	59498	1.756	-5.008	-28.14	-7.293
92.2	1.571	59566	1.624	-4.904	-28.73	-7.203
92.3	-0.2592	59636	-0.4669	-4.78	-29.75	-7.394
92.4	0.7875	59695	1.044	-4.832	-30.13	-7.146
92.5	0.9166	59758	1.144	-4.683	-29.91	-7.03
92.6	0.7147	59824	1.014	-4.602	-29.42	-7.144
92.7	0.2115	59919	0.5046	-4.487	-29.58	-7.165
92.8	0.7603	59974	0.9002	-4.504	-29.05	-7.138
92.9	1.086	60022	0.9467	-4.46	-30.56	-6.629
93	0.5637	60091	1.008	-4.288	-30.34	-6.533
93.1	-0.04974	60175	-0.1007	-4.197	-29.83	-6.611
93.2	0.6781	60212	0.5371	-4.173	-29.26	-6.491
93.3	-1.068	60299	-1.945	-4.077	-29.61	-6.948
93.4	-0.9435	60331	-0.6016	-4.079	-29.94	-6.732
93.5	-0.1234	60417	-0.2638	-3.864	-30.67	-6.967
93.6	-0.6699	60511	-1.48	-3.726	-30.5	-7.325
93.7	-0.3979	60566	-0.571	-3.537	-30.9	-6.952
93.8	1.507	60601	0.8594	-3.5	-29.69	-7.154
93.9	-0.1676	60638	-0.1668	-3.578	-29.45	-7.242
94	-1.571	60686	-1.201	-3.399	-30.06	-7.22
94.1	1.348	60728	1.022	-3.556	-31.3	-7.329
94.2	-1.474	60799	-1.636	-3.507	-30.1	-7.281
94.3	-1.481	60875	-1.853	-3.463	-30.42	-7.683
94.4	0.6632	60913	0.5742	-3.33	-30.18	-7.328
94.5	0.7697	61013	1.742	-3.439	-31.26	-7.236
94.6	0.9989	61117	2.167	-3.19	-30.74	-7.093
94.7	0.6671	61163	0.631	-3.192	-31.1	-6.887
94.8	1.312	61253	2.197	-3.201	-30.83	-6.813
94.9	0.8367	61289	0.5968	-3.023	-31.47	-6.75
95	-0.9849	61348	-1.327	-2.92	-31.2	-6.674
95.1	-1.257	61412	-1.554	-2.971	-31.85	-7.029
95.2	0.3416	61463	0.428	-2.789	-30.37	-7.057
95.3	0.2011	61502	0.193	-2.743	-30.74	-6.76
95.4	-0.2653	61538	-0.2378	-2.647	-30.17	-7.062
95.5	0.2997	61589	0.3765	-2.549	-32.11	-7.023
95.6	-1.335	61645	-1.282	-2.523	-30.26	-6.801
95.7	1.261	61735	2.197	-2.599	-32.17	-6.732
95.8	0.476	61817	0.8878	-2.458	-32.25	-6.707
95.9	0.5753	61851	0.4378	-2.3	-31.03	-6.731
96	-0.8109	61935	-1.433	-2.154	-31.71	-7.013
96.1	-0.2985	62020	-0.664	-2.03	-31.82	-7.011
96.2	1.21	62082	1.293	-1.987	-32.16	-6.737
96.3	-1.035	62115	-0.6719	-1.966	-30.92	-6.807
96.4	1.271	62181	1.584	-1.838	-31.89	-6.518
96.5	1.361	62223	1.088	-1.818	-32.53	-6.676
96.6	-0.9708	62304	-1.689	-1.729	-32.57	-6.639
96.7	-0.6048	62397	-1.308	-1.543	-31.08	-6.901
96.8	0.8269	62466	1.254	-1.529	-32.72	-6.573
96.9	-1.409	62526	-1.475	-1.518	-30.82	-6.918
97	-1.411	62578	-1.184	-1.495	-32.75	-6.899
97.1	-0.5587	62652	-1.019	-1.325	-31.58	-7.138
97.2	0	62725	0	-1.229	-31.06	-6.997
97.3	1.134	62801	1.769	-1.161	-31.1	-7.034
97.4	-0.2487	62869	-0.4427	-1.039	-32.48	-6.87
97.5	-0.282	62900	-0.1992	-0.9521	-31.56	-6.961
97.6	0.2765	62947	0.3282	-0.8539	-32.28	-6.72
97.7	0.8189	63000	0.9269	-0.8019	-32.32	-6.839
97.8	-0.7624	63081	-1.368	-0.6913	-32.74	-7.188
97.9	1.41	63152	1.758	-0.6725	-32.43	-6.873
98	0.9065	63249	2.059	-0.5392	-32.82	-6.409
98.1	1.29	63306	1.304	-0.4898	-32.18	-6.284
98.2	0.01798	63393	0.03778	-0.2836	-32.87	-6.604
98.3	0.5445	63434	0.4786	-0.2086	-32.88	-6.555
98.4	1.41	63505	1.671	-0.1837	-31.91	-6.315
98.5	-1.411	63599	-2.181	-0.1323	-33.54	-6.477
98.6	-1.571	63680	-1.992	-0.1272	-31.58	-6.745
98.7	0.3814	63710	0.2943	-0.06151	-33.56	-6.715
98.8	1.27	63774	1.502	-0.02302	-33.58	-6.297
98.9	0.6409	63808	0.4524	0.03958	-31.96	-6.317
99	0.2985	63909	0.773	0.2714	-33.29	-6.372
99.1	-0.5131	63989	-0.8407	0.4422	-33.31	-6.266
99.2	0.5248	64020	0.3629	0.4846	-33	-6.294
99.3	-0.2997	64056	-0.2513	0.5571	-31.7	-6.383
99.4	1.571	64098	1.097	0.5778	-33.66	-6.151
99.5	-0.3456	64142	-0.3804	0.6665	-31.71	-6.506
99.6	0.7404	64213	1.072	0.7892	-32.7	-6.455
99.7	-0.4859	64271	-0.7068	0.9537	-32.04	-6.465
99.8	1.274	64350	2.026	0.9656	-33.02	-6.205
99.9	1.437	64419	1.675	0.9818	-32.36	-5.803
100	0.5529	64521	1.211	1.155	-31.64	-5.856
