0.1	0.251725	0.00277204	0.0187795
0.2	0.368572	0.0161129	0.217194
0.3	0.500265	0.0472129	0.247898
0.4	0.575473	0.0693583	0.333781
0.5	0.642384	0.0947806	0.392967
0.6	0.68839	0.120496	0.609184
0.7	0.853409	0.243323	0.673369
0.8	0.855767	0.244601	0.754557
0.9	0.919058	0.300882	0.697748
1	0.962154	0.335831	0.656224
1.1	1.05309	0.401444	0.591159
1.2	1.11289	0.443109	0.635084
1.3	1.2063	0.499257	0.450601
1.4	1.26213	0.522852	0.354722
1.5	1.40846	0.565068	0.205481
1.6	1.49019	0.593226	0.438276
1.7	1.64709	0.653961	0.305028
1.8	1.73755	0.679651	0.256726
1.9	1.89165	0.723885	0.298397
2	1.99358	0.766361	0.490429
2.1	2.09542	0.825933	0.566992
2.2	2.28586	0.948398	0.575501
2.3	2.33905	0.981841	0.530472
2.4	2.44284	1.05158	0.641613
2.5	2.52063	1.10089	0.489775
2.6	2.57168	1.13439	0.696369
2.7	2.61732	1.17496	0.750837
2.8	2.7106	1.28194	0.94856
2.9	2.72319	1.29867	0.866986
3	2.80848	1.41836	1.04267
3.1	2.83858	1.46824	0.991538
3.2	2.95976	1.62418	0.835456
3.3	2.99176	1.66185	0.906264
3.4	3.08475	1.78466	0.938515
3.5	3.12043	1.84094	1.05711
3.6	3.21679	2.00614	1.02719
3.7	3.34248	2.20674	0.996074
3.8	3.36782	2.24862	1.17472
3.9	3.40236	2.33414	1.20373
4	3.48618	2.51504	1.0779
4.1	3.5234	2.58805	1.11393
4.2	3.5647	2.68241	1.19298
4.3	3.61988	2.84978	1.3234
4.4	3.66306	3.02743	1.34208
4.5	3.67739	3.13836	1.52258
4.6	3.67823	3.33719	1.60741
4.7	3.67229	3.42989	1.65285
4.8	3.66954	3.48571	1.58332
4.9	3.6775	3.64759	1.46002
5	3.70664	3.88431	1.43547
5.1	3.72315	4.06796	1.53052
5.2	3.72881	4.29769	1.55958
5.3	3.73397	4.44132	1.50984
5.4	3.74038	4.49486	1.36196
5.5	3.76824	4.68626	1.48938
5.6	3.77021	4.74893	1.67656
5.7	3.76013	4.8205	1.74583
5.8	3.74049	4.91785	1.79399
5.9	3.71429	5.00243	1.98051
6	3.67415	5.09254	1.99968
6.1	3.59109	5.2612	2.05693
6.2	3.56398	5.31767	1.99543
6.3	3.52805	5.39432	2.02178
6.4	3.47358	5.48059	2.24367
6.5	3.4078	5.56138	2.2677
6.6	3.30578	5.67772	2.3142
6.7	3.17965	5.82607	2.23231
6.8	3.15614	5.8651	2.00515
6.9	3.14539	5.8858	2.12868
7	3.10079	5.97758	1.91113
7.1	3.06358	6.08131	1.91895
7.2	3.06018	6.09069	1.85918
7.3	3.0388	6.18116	1.7529
7.4	3.03208	6.22858	1.66319
7.5	3.03133	6.3026	1.49082
7.6	3.05396	6.5388	1.4586
7.7	3.07827	6.69682	1.39099
7.8	3.12396	6.92881	1.36192
7.9	3.14399	7.05492	1.47507
8	3.15717	7.15382	1.39316
8.1	3.15823	7.15465	1.23872
8.2	3.1859	7.23114	1.20924
8.3	3.18762	7.23379	1.07155
8.4	3.27452	7.40057	1.10881
8.5	3.28671	7.43526	1.28329
8.6	3.35553	7.65957	1.26271
8.7	3.38439	7.7635	1.33289
8.8	3.38562	7.76926	1.50025
8.9	3.39791	7.86636	1.38695
9	3.42628	7.96419	1.17655
9.1	3.51905	8.19101	1.18869
9.2	3.5622	8.28736	1.11226
9.3	3.58943	8.33715	1.02891
9.4	3.628	8.39387	0.907592
9.5	3.66235	8.43617	0.869986
9.6	3.69482	8.47826	0.989458
9.7	3.80626	8.6403	0.947069
9.8	3.80542	8.64031	0.852404
9.9	3.90121	8.75367	0.88595
10	3.90378	8.75659	0.812418
10.1	3.98661	8.85148	0.898324
10.2	4.09152	8.98123	0.885053
10.3	4.12805	9.02927	0.943856
10.4	4.13502	9.03781	0.85482
10.5	4.19745	9.09974	0.705129
10.6	4.32493	9.22465	0.846013
10.7	4.39759	9.31762	0.966224
10.8	4.43783	9.36823	0.813236
10.9	4.52121	9.44936	0.723737
11	4.59538	9.51196	0.669985
11.1	4.74367	9.62209	0.608527
11.2	4.76273	9.63628	0.468838
11.3	4.92335	9.70729	0.361503
11.4	5.10348	9.77986	0.404203
11.5	5.16323	9.79997	0.216019
11.6	5.3076	9.84705	0.406379
11.7	5.47013	9.91175	0.354341
11.8	5.57219	9.94642	0.307414
11.9	5.68949	9.98753	0.376542
12	5.71404	9.99737	0.286465
12.1	5.84305	10.039	0.337528
12.2	5.95805	10.0756	0.275856
12.3	6.05009	10.1016	0.274369
12.4	6.11477	10.1148	0.142388
12.5	6.22276	10.1264	0.0741577
12.6	6.40509	10.1545	0.226356
12.7	6.43272	10.1653	0.462762
12.8	6.50016	10.2074	0.643187
12.9	6.55572	10.254	0.745498
13	6.62216	10.3091	0.62416
13.1	6.71907	10.3688	0.478542
13.2	6.85839	10.4452	0.526607
13.3	6.91638	10.4836	0.660702
13.4	6.97231	10.5283	0.687243
13.5	7.07194	10.6159	0.757337
13.6	7.22354	10.7592	0.757337
13.7	7.26591	10.7959	0.659842
13.8	7.32585	10.8463	0.744991
13.9	7.37822	10.8872	0.555015
14	7.49845	10.9714	0.678252
14.1	7.66525	11.091	0.55446
14.2	7.76409	11.1496	0.517382
14.3	7.77413	11.156	0.638106
14.4	7.86035	11.2308	0.796675
14.5	7.92517	11.2987	0.822609
14.6	7.93085	11.3048	0.933188
14.7	7.98141	11.3604	0.724437
14.8	8.01949	11.393	0.682504
14.9	8.06478	11.4216	0.445317
15	8.09319	11.4329	0.312558
15.1	8.17195	11.4602	0.358908
15.2	8.25035	11.4937	0.454509
15.3	8.31583	11.5265	0.477994
15.4	8.38604	11.5661	0.55209
15.5	8.55974	11.6621	0.456804
15.6	8.67687	11.7035	0.240872
15.7	8.74422	11.718	0.173765
15.8	8.82089	11.7283	0.101745
15.9	8.9121	11.7357	0.0578127
16	8.99901	11.7378	-0.00452389
16.1	9.20583	11.7425	0.0526019
16.2	9.20679	11.7435	0.15491
16.3	9.32193	11.7501	-0.038289
16.4	9.41185	11.7402	-0.179284
16.5	9.5497	11.7117	-0.229669
16.6	9.67422	11.6728	-0.360878
16.7	9.8175	11.6244	-0.293898
16.8	9.95217	11.5854	-0.270055
16.9	10.1579	11.5211	-0.333067
17	10.1852	11.5114	-0.396556
17.1	10.2701	11.4691	-0.518994
17.2	10.4382	11.3849	-0.414737
17.3	10.6423	11.2911	-0.444299
17.4	10.8768	11.1774	-0.460652
17.5	10.8982	11.1669	-0.367674
17.6	11.0178	11.117	-0.421662
17.7	11.1168	11.0712	-0.442301
17.8	11.2037	11.027	-0.496969
17.9	11.2554	11.0043	-0.353915
18	11.3597	10.9672	-0.329646
18.1	11.4022	10.9503	-0.44484
18.2	11.4666	10.9275	-0.235833
18.3	11.5553	10.9052	-0.25552
18.4	11.7055	10.8536	-0.418613
18.5	11.7629	10.8336	-0.25372
18.6	11.7718	10.8309	-0.0733454
18.7	11.8684	10.8186	-0.181698
18.8	11.8774	10.8171	-0.106656
18.9	12.0639	10.7946	-0.136309
19	12.201	10.7801	-0.0698455
19.1	12.3357	10.7739	-0.0228421
19.2	12.5306	10.7611	-0.101002
19.3	12.604	10.7543	-0.0820985
19.4	12.7492	10.7305	-0.250608
19.5	12.7875	10.7195	-0.375524
19.6	12.9822	10.6408	-0.39306
19.7	13.0322	10.6194	-0.42889
19.8	13.1477	10.5676	-0.413969
19.9	13.2606	10.5072	-0.555757
20	13.3324	10.465	-0.511131
20.1	13.3451	10.4598	-0.341542
20.2	13.4592	10.4161	-0.388766
20.3	13.5322	10.3855	-0.405469
20.4	13.5514	10.3786	-0.310147
20.5	13.5638	10.3752	-0.220483
20.6	13.6908	10.3339	-0.411732
20.7	13.7163	10.325	-0.319894
20.8	13.8106	10.2895	-0.402385
20.9	13.905	10.2529	-0.339567
21	13.9092	10.252	-0.210266
21.1	13.9385	10.2424	-0.420778
21.2	14.0975	10.1858	-0.265427
21.3	14.2587	10.124	-0.443343
21.4	14.3397	10.0884	-0.380278
21.5	14.4034	10.0589	-0.495372
21.6	14.4596	10.0286	-0.494238
21.7	14.4612	10.0288	-0.671623
21.8	14.6028	9.90911	-0.733058
21.9	14.6113	9.90196	-0.605295
22	14.6303	9.88676	-0.7342
22.1	14.6544	9.86256	-0.840222
22.2	14.6751	9.84216	-0.727044
22.3	14.7667	9.77159	-0.587244
22.4	14.8308	9.71871	-0.8012
22.5	14.8422	9.70572	-0.874691
22.6	14.847	9.70031	-0.811991
22.7	14.9221	9.60942	-0.954489
22.8	14.9851	9.5188	-0.974493
22.9	15.0662	9.40827	-0.899342
23	15.1208	9.33379	-0.999047
23.1	15.2102	9.17321	-1.12195
23.2	15.2281	9.12759	-1.29732
23.3	15.2437	9.08453	-1.16553
23.4	15.2784	9.00178	-1.18061
23.5	15.2909	8.96435	-1.33152
23.6	15.3062	8.9174	-1.15406
23.7	15.3613	8.79419	-1.1463
23.8	15.3964	8.70686	-1.25219
23.9	15.4511	8.55386	-1.20806
24	15.4768	8.47058	-1.31224
24.1	15.4997	8.39523	-1.21113
24.2	15.5257	8.32737	-1.19891
24.3	15.5614	8.23782	-1.1818
24.4	15.5688	8.21795	-1.28147
24.5	15.6046	8.09014	-1.31526
24.6	15.6166	8.01528	-1.49095
24.7	15.6296	7.86938	-1.47426
24.8	15.6332	7.66612	-1.6249
24.9	15.6259	7.58746	-1.70872
25	15.6016	7.40071	-1.69219
25.1	15.5904	7.32081	-1.7232
25.2	15.567	7.21061	-1.83981
25.3	15.553	7.17683	-2.052
25.4	15.4654	7.0347	-2.20178
25.5	15.4275	6.98118	-2.17942
25.6	15.293	6.79012	-2.18817
25.7	15.2647	6.75175	-2.23822
25.8	15.1894	6.66204	-2.29886
25.9	15.0849	6.56165	-2.4655
26	15.0643	6.54809	-2.60518
26.1	15.0255	6.52078	-2.4309
26.2	14.9838	6.4735	-2.17595
26.3	14.9261	6.38354	-2.1101
26.4	14.8149	6.19621	-2.10289
26.5	14.7518	6.08781	-2.09373
26.6	14.6768	5.9483	-2.03452
26.7	14.5898	5.77195	-2.02378
26.8	14.5762	5.73968	-1.94383
26.9	14.548	5.68168	-2.11694
27	14.5055	5.62081	-2.24219
27.1	14.4627	5.56533	-2.21374
27.2	14.3433	5.3951	-2.15012
27.3	14.2636	5.24874	-1.99377
27.4	14.222	5.13705	-1.86433
27.5	14.2017	5.07393	-1.90101
27.6	14.1599	4.95898	-1.93805
27.7	14.1122	4.83047	-1.91205
27.8	14.0916	4.74252	-1.70353
27.9	14.0709	4.64718	-1.87415
28	14.0597	4.60452	-1.76768
28.1	14.0232	4.42159	-1.76768
28.2	14.0113	4.32561	-1.60399
28.3	14.012	4.27565	-1.48708
28.4	14.0207	4.19443	-1.4424
28.5	14.0302	4.10635	-1.47708
28.6	14.0404	4.06176	-1.25784
28.7	14.0811	3.9557	-1.14206
28.8	14.1374	3.8537	-0.958434
28.9	14.1392	3.84988	-1.14986
29	14.1454	3.83055	-1.39066
29.1	14.1504	3.79296	-1.48309
29.2	14.1499	3.63006	-1.66359
29.3	14.1327	3.53119	-1.82428
29.4	14.1104	3.44143	-1.80172
29.5	14.1009	3.38558	-1.68968
29.6	14.0915	3.29671	-1.66276
29.7	14.0885	3.25155	-1.60619
29.8	14.0886	3.25141	-1.76648
29.9	14.072	3.15863	-1.72503
30	14.0629	3.06088	-1.59015
30.1	14.0481	2.94773	-1.79118
30.2	14.025	2.87306	-1.94558
30.3	13.9994	2.81343	-2.01016
30.4	13.9251	2.62633	-1.88912
30.5	13.8643	2.41397	-1.79367
30.6	13.8495	2.35238	-1.8143
30.7	13.8393	2.30058	-1.7185
30.8	13.8261	2.18656	-1.65329
30.9	13.8104	2.01874	-1.67325
31	13.8003	1.9311	-1.69634
31.1	13.785	1.84863	-1.82026
31.2	13.7776	1.80484	-1.64277
31.3	13.7758	1.75011	-1.5642
31.4	13.7879	1.56657	-1.44993
31.5	13.8183	1.38443	-1.36441
31.6	13.8247	1.31724	-1.56103
31.7	13.8247	1.24015	-1.59043
31.8	13.8054	1.06966	-1.77334
31.9	13.7866	1.00876	-1.95966
32	13.7316	0.896061	-2.09601
32.1	13.6205	0.721502	-2.18674
32.2	13.5083	0.586263	-2.326
32.3	13.4503	0.531648	-2.43222
32.4	13.4053	0.494819	-2.47515
32.5	13.3943	0.485378	-2.38726
32.6	13.379	0.46925	-2.27859
32.7	13.2831	0.372334	-2.42806
32.8	13.2345	0.332072	-2.48736
32.9	13.0832	0.213164	-2.46373
33	12.9561	0.119275	-2.54194
33.1	12.9297	0.103151	-2.6919
33.2	12.7829	0.0435695	-2.82127
33.3	12.6744	0.0120376	-2.88848
33.4	12.5069	-0.0158139	-3.06637
33.5	12.4915	-0.0173246	-2.95855
33.6	12.4279	-0.0328133	-2.84772
33.7	12.3703	-0.0544767	-2.71223
33.8	12.2137	-0.143725	-2.53607
33.9	12.191	-0.161581	-2.44834
34	12.1178	-0.214889	-2.59208
34.1	12.1039	-0.22329	-2.78417
34.2	11.9915	-0.27269	-2.66981
34.3	11.8537	-0.333244	-2.79013
34.4	11.852	-0.333625	-2.86873
34.5	11.7078	-0.383261	-2.75107
34.6	11.6415	-0.412211	-2.68739
34.7	11.6071	-0.425386	-2.8833
34.8	11.5225	-0.438858	-3.09399
34.9	11.4789	-0.435943	-3.32601
35	11.3385	-0.42311	-3.1376
35.1	11.2645	-0.425893	-3.06982
35.2	11.2643	-0.426023	-2.88762
35.3	11.0504	-0.476647	-2.93019
35.4	10.8792	-0.515335	-2.90875
35.5	10.6938	-0.56463	-2.85536
35.6	10.5525	-0.598703	-2.96231
35.7	10.4582	-0.612139	-3.03184
35.8	10.4147	-0.618305	-2.92109
35.9	10.3605	-0.623896	-3.14579
36	10.1321	-0.617516	-3.19524
36.1	10.1228	-0.618364	-3.10709
36.2	10.0993	-0.620539	-2.97654
36.3	9.87239	-0.654084	-3.01377
36.4	9.81471	-0.659602	-3.1036
36.5	9.8132	-0.659583	-2.99229
36.6	9.76873	-0.67073	-2.80571
36.7	9.76206	-0.673497	-2.72792
36.8	9.60323	-0.750876	-2.65052
36.9	9.60297	-0.751705	-2.50863
37	9.43529	-0.889065	-2.40402
37.1	9.38477	-0.930686	-2.58446
37.2	9.27801	-0.988883	-2.69971
37.3	9.26242	-0.995609	-2.6379
37.4	9.1361	-1.06704	-2.61521
37.5	9.05089	-1.1243	-2.46929
37.6	8.93974	-1.22573	-2.33353
37.7	8.88375	-1.28399	-2.33906
37.8	8.81259	-1.35475	-2.37588
37.9	8.78716	-1.37702	-2.48951
38	8.69543	-1.4566	-2.36322
38.1	8.58342	-1.55285	-2.49666
38.2	8.52621	-1.58804	-2.67873
38.3	8.52263	-1.58944	-2.81199
38.4	8.39904	-1.63521	-2.7641
38.5	8.21396	-1.70612	-2.78606
38.6	8.14747	-1.73379	-2.69966
38.7	8.04493	-1.78964	-2.58511
38.8	7.98077	-1.83105	-2.55159
38.9	7.96483	-1.84257	-2.48651
39	7.79854	-1.97401	-2.45915
39.1	7.72564	-2.04476	-2.29415
39.2	7.67805	-2.09166	-2.43682
39.3	7.57616	-2.18498	-2.36288
39.4	7.48059	-2.26751	-2.48912
39.5	7.4007	-2.32869	-2.48721
39.6	7.3699	-2.35568	-2.35297
39.7	7.28917	-2.42737	-2.47474
39.8	7.26298	-2.44429	-2.62329
39.9	7.26318	-2.44425	-2.49678
40	7.14295	-2.52814	-2.56689
40.1	7.04603	-2.59645	-2.46901
40.2	7.00363	-2.62733	-2.58393
40.3	6.83136	-2.74068	-2.5364
40.4	6.75619	-2.79424	-2.50999
40.5	6.68483	-2.84192	-2.59063
40.6	6.54937	-2.91178	-2.74255
40.7	6.47798	-2.94542	-2.66828
40.8	6.4442	-2.95857	-2.81115
40.9	6.26054	-3.01451	-2.88038
41	6.16868	-3.0374	-2.91441
41.1	6.00299	-3.08056	-2.85401
41.2	5.97431	-3.09189	-2.70975
41.3	5.8065	-3.15892	-2.81525
41.4	5.70487	-3.19933	-2.69586
41.5	5.56596	-3.25789	-2.79102
41.6	5.50719	-3.28655	-2.57959
41.7	5.36804	-3.36133	-2.71333
41.8	5.26042	-3.42207	-2.52061
41.9	5.1584	-3.4963	-2.50328
42	5.04877	-3.57602	-2.52403
42.1	4.89722	-3.70005	-2.37821
42.2	4.74395	-3.85934	-2.28872
42.3	4.67459	-3.94097	-2.26165
42.4	4.51783	-4.11673	-2.33458
42.5	4.43146	-4.21231	-2.28311
42.6	4.38875	-4.26546	-2.20404
42.7	4.35304	-4.31307	-2.22074
42.8	4.26015	-4.44404	-2.15586
42.9	4.17194	-4.58462	-2.09998
43	4.05806	-4.78661	-2.06635
43.1	3.93541	-4.99161	-2.15113
43.2	3.87642	-5.10493	-1.98752
43.3	3.87438	-5.11052	-2.07822
43.4	3.79123	-5.244	-2.17533
43.5	3.70948	-5.36042	-2.19464
43.6	3.67351	-5.4181	-2.08226
43.7	3.61601	-5.54583	-1.91458
43.8	3.58317	-5.64261	-1.88451
43.9	3.56422	-5.73595	-1.66268
44	3.55514	-5.78664	-1.87787
44.1	3.52533	-5.86909	-1.97655
44.2	3.44482	-6.03352	-2.08195
44.3	3.3869	-6.13598	-2.0883
44.4	3.37716	-6.15336	-2.15591
44.5	3.30329	-6.27567	-2.07693
44.6	3.29253	-6.29217	-2.14659
44.7	3.23938	-6.35583	-2.38601
44.8	3.14559	-6.44532	-2.37397
44.9	3.12858	-6.46126	-2.43015
45	3.07937	-6.50305	-2.44497
45.1	2.89206	-6.66294	-2.42473
45.2	2.88193	-6.67646	-2.16646
45.3	2.86132	-6.71134	-2.03919
45.4	2.80966	-6.79837	-2.17845
45.5	2.76456	-6.86167	-2.20117
45.6	2.68353	-6.96765	-2.24747
45.7	2.61943	-7.05818	-2.12451
45.8	2.55313	-7.16954	-2.08927
45.9	2.52574	-7.21136	-2.23987
46	2.50075	-7.24832	-2.0883
46.1	2.48213	-7.28466	-1.98595
46.2	2.44573	-7.36151	-2.04015
46.3	2.40873	-7.43899	-1.98784
46.4	2.36195	-7.52459	-2.15615
46.5	2.32576	-7.57734	-2.1985
46.6	2.23378	-7.70043	-2.22756
46.7	2.23044	-7.70271	-2.38657
46.8	2.19437	-7.73863	-2.33004
46.9	2.12672	-7.80968	-2.33343
47	2.04869	-7.88248	-2.45071
47.1	1.8929	-8.00886	-2.46909
47.2	1.81812	-8.06752	-2.48238
47.3	1.70974	-8.15729	-2.41274
47.4	1.63908	-8.21712	-2.46416
47.5	1.48384	-8.34475	-2.44434
47.6	1.29618	-8.50736	-2.40564
47.7	1.2519	-8.55408	-2.2578
47.8	1.15568	-8.66107	-2.35203
47.9	1.11979	-8.69507	-2.40401
48	1.01345	-8.78697	-2.45426
48.1	0.940091	-8.85361	-2.33155
48.2	0.888919	-8.91104	-2.26422
48.3	0.839692	-8.96892	-2.28523
48.4	0.839425	-8.96888	-2.18152
48.5	0.805002	-9.0112	-2.32001
48.6	0.7573	-9.06837	-2.21278
48.7	0.667773	-9.21383	-2.03461
48.8	0.651536	-9.24179	-2.18336
48.9	0.542345	-9.40061	-2.16268
49	0.542793	-9.40339	-1.89524
49.1	0.482008	-9.55513	-2.00836
49.2	0.468103	-9.59294	-1.8669
49.3	0.454354	-9.6273	-2.05999
49.4	0.431165	-9.67791	-1.93368
49.5	0.419961	-9.70434	-2.00231
49.6	0.40818	-9.72764	-2.0833
49.7	0.372377	-9.78517	-2.17227
49.8	0.372102	-9.78535	-2.04656
49.9	0.263255	-9.98046	-2.11435
50	0.197966	-10.0958	-2.05666
50.1	0.13575	-10.2126	-2.06384
50.2	0.0937312	-10.3117	-1.89401
50.3	0.0558021	-10.4258	-1.8896
50.4	-0.000931923	-10.5919	-1.91018
50.5	-0.00331514	-10.6029	-1.72374
50.6	-0.0093975	-10.6725	-1.58239
50.7	-0.0124685	-10.7933	-1.61232
50.8	-0.0258968	-10.9708	-1.68665
50.9	-0.0305339	-11.0221	-1.61552
51	-0.029221	-11.1626	-1.51067
51.1	-0.0261784	-11.2319	-1.5461
51.2	-0.0159758	-11.3388	-1.41542
51.3	0.00188713	-11.4813	-1.48055
51.4	0.0168821	-11.5988	-1.3873
51.5	0.0346147	-11.6887	-1.36208
51.6	0.0613011	-11.7909	-1.27412
51.7	0.101718	-11.9027	-1.16993
51.8	0.141849	-12.0097	-1.24481
51.9	0.183489	-12.1208	-1.17057
52	0.222345	-12.2258	-1.26038
52.1	0.260399	-12.3172	-1.08203
52.2	0.293715	-12.3689	-0.923321
52.3	0.367285	-12.4535	-0.770857
52.4	0.431609	-12.5053	-0.574679
52.5	0.623475	-12.6162	-0.475748
52.6	0.675002	-12.6415	-0.37569
52.7	0.780659	-12.6768	-0.267283
52.8	0.816942	-12.6884	-0.327217
52.9	1.00302	-12.7664	-0.465646
53	1.0888	-12.813	-0.564369
53.1	1.15903	-12.8645	-0.690692
53.2	1.32122	-13.0099	-0.782202
53.3	1.38081	-13.0644	-0.694503
53.4	1.46844	-13.1353	-0.668485
53.5	1.51218	-13.1749	-0.797286
53.6	1.61802	-13.2964	-0.916465
53.7	1.65171	-13.3369	-0.850806
53.8	1.65485	-13.3399	-0.621456
53.9	1.65469	-13.3399	-0.485238
54	1.86818	-13.4483	-0.454933
54.1	2.00542	-13.524	-0.573867
54.2	2.00538	-13.5239	-0.653415
54.3	2.07431	-13.5806	-0.724065
54.4	2.10735	-13.6141	-0.867141
54.5	2.10768	-13.6142	-0.997095
54.6	2.15288	-13.677	-0.896029
54.7	2.29469	-13.8558	-0.9043
54.8	2.40143	-13.9881	-0.882282
54.9	2.44583	-14.0438	-0.918454
55	2.48419	-14.1078	-1.13614
55.1	2.5356	-14.2081	-1.05061
55.2	2.58551	-14.2864	-0.942751
55.3	2.68075	-14.4268	-1.00369
55.4	2.69505	-14.4478	-0.868639
55.5	2.70526	-14.4579	-0.649527
55.6	2.85658	-14.5779	-0.69062
55.7	2.89403	-14.608	-0.652274
55.8	2.97627	-14.6613	-0.501945
55.9	3.08665	-14.7341	-0.653154
56	3.17067	-14.8061	-0.783888
56.1	3.19641	-14.8347	-0.882343
56.2	3.22098	-14.8623	-0.796731
56.3	3.34608	-14.9768	-0.686368
56.4	3.45855	-15.0655	-0.646552
56.5	3.53065	-15.1272	-0.786807
56.6	3.56125	-15.1632	-0.928103
56.7	3.60581	-15.2201	-0.883203
56.8	3.61243	-15.2269	-0.775616
56.9	3.7411	-15.3659	-0.869801
57	3.87598	-15.5109	-0.768208
57.1	4.00922	-15.6466	-0.818778
57.2	4.09094	-15.7326	-0.800898
57.3	4.11599	-15.7548	-0.65501
57.4	4.14377	-15.7787	-0.759663
57.5	4.19535	-15.82	-0.568842
57.6	4.31801	-15.9067	-0.668806
57.7	4.44542	-16.0103	-0.696855
57.8	4.49761	-16.046	-0.52575
57.9	4.56254	-16.0861	-0.581818
58	4.74584	-16.2044	-0.565398
58.1	4.77945	-16.2268	-0.628713
58.2	4.84299	-16.273	-0.627426
58.3	4.95108	-16.3436	-0.522742
58.4	4.96988	-16.353	-0.410594
58.5	4.98507	-16.3583	-0.25795
58.6	5.05783	-16.3771	-0.248305
58.7	5.19576	-16.3981	-0.058119
58.8	5.42707	-16.4069	-0.0166464
58.9	5.66112	-16.4143	-0.0454734
59	5.71958	-16.4151	0.0227935
59.1	5.73069	-16.4153	-0.0629253
59.2	5.77623	-16.417	-0.0090726
59.3	5.78825	-16.4178	-0.127017
59.4	6.0218	-16.4544	-0.181692
59.5	6.07181	-16.463	-0.140304
59.6	6.17239	-16.4832	-0.25603
59.7	6.38085	-16.5428	-0.305617
59.8	6.61043	-16.6123	-0.283159
59.9	6.66691	-16.6351	-0.410863
60	6.74445	-16.6708	-0.46745
60.1	6.80938	-16.7114	-0.637613
60.2	6.82621	-16.7255	-0.79834
60.3	6.86659	-16.7747	-0.967011
60.4	6.9294	-16.8769	-1.06733
60.5	6.98958	-16.9628	-0.876808
60.6	7.00991	-16.9834	-0.666126
60.7	7.01749	-16.9891	-0.591147
60.8	7.0791	-17.0311	-0.605892
60.9	7.23166	-17.1266	-0.508456
61	7.29438	-17.1676	-0.691112
61.1	7.34665	-17.2133	-0.743056
61.2	7.36503	-17.2272	-0.563961
61.3	7.38615	-17.2394	-0.462885
61.4	7.46704	-17.286	-0.588865
61.5	7.55962	-17.355	-0.686299
61.6	7.61327	-17.405	-0.807608
61.7	7.69251	-17.4944	-0.879036
61.8	7.80015	-17.6462	-1.02945
61.9	7.91409	-17.8461	-1.07702
62	7.95549	-17.9148	-0.990468
62.1	7.96691	-17.9344	-1.13146
62.2	7.97354	-17.9524	-1.29924
62.3	8.0209	-18.1082	-1.25442
62.4	8.02147	-18.113	-1.33728
62.5	8.03315	-18.1567	-1.28367
62.6	8.05051	-18.2118	-1.24707
62.7	8.09321	-18.3367	-1.23565
62.8	8.11759	-18.4203	-1.33309
62.9	8.13392	-18.504	-1.42218
63	8.13727	-18.5181	-1.30041
63.1	8.18934	-18.7193	-1.3352
63.2	8.21215	-18.8543	-1.45948
63.3	8.21627	-18.9083	-1.54486
63.4	8.21985	-18.9452	-1.39914
63.5	8.25171	-19.1438	-1.42591
63.6	8.26054	-19.2314	-1.52883
63.7	8.25945	-19.2652	-1.65272
63.8	8.24271	-19.3862	-1.76256
63.9	8.23295	-19.4483	-1.69928
64	8.22697	-19.5149	-1.61662
64.1	8.22515	-19.6142	-1.55674
64.2	8.21957	-19.6879	-1.74371
64.3	8.19666	-19.7721	-1.91646
64.4	8.16278	-19.8952	-1.75178
64.5	8.15638	-19.9248	-1.85414
64.6	8.12872	-20.0723	-1.65878
64.7	8.11451	-20.1866	-1.74847
64.8	8.07542	-20.3734	-1.80218
64.9	8.04249	-20.5118	-1.80706
65	8.02872	-20.5625	-1.863
65.1	8.02811	-20.5636	-1.76985
65.2	8.01186	-20.631	-1.84436
65.3	7.96097	-20.7848	-1.93382
65.4	7.94204	-20.8425	-1.84783
65.5	7.94044	-20.8505	-1.63931
65.6	7.93077	-20.9309	-1.74156
65.7	7.90055	-21.1387	-1.68667
65.8	7.89766	-21.1674	-1.6051
65.9	7.89949	-21.215	-1.4603
66	7.91616	-21.3192	-1.36303
66.1	7.92258	-21.3708	-1.52476
66.2	7.91695	-21.459	-1.73236
66.3	7.91253	-21.495	-1.65411
66.4	7.91227	-21.5345	-1.49593
66.5	7.9106	-21.7071	-1.66865
66.6	7.88055	-21.9302	-1.74498
66.7	7.87235	-21.9619	-1.93446
66.8	7.85421	-22.0196	-1.77853
66.9	7.82571	-22.1206	-1.92451
67	7.76152	-22.2977	-1.91188
67.1	7.7202	-22.3919	-2.09976
67.2	7.68007	-22.4451	-2.32733
67.3	7.63823	-22.4975	-2.16209
67.4	7.5674	-22.6033	-2.15821
67.5	7.52374	-22.6625	-2.24979
67.6	7.44996	-22.7481	-2.31205
67.7	7.37037	-22.8197	-2.48758
67.8	7.32988	-22.8492	-2.55781
67.9	7.25432	-22.912	-2.34454
68	7.1777	-23.0035	-2.19279
68.1	7.15574	-23.0421	-1.98385
68.2	7.15579	-23.0432	-2.17829
68.3	7.01374	-23.235	-2.23818
68.4	6.94941	-23.3131	-2.29142
68.5	6.90504	-23.3664	-2.23002
68.6	6.80193	-23.5054	-2.18955
68.7	6.69367	-23.6483	-2.24542
68.8	6.65693	-23.7124	-1.99501
68.9	6.62736	-23.775	-2.02745
69	6.62773	-23.7749	-2.08866
69.1	6.57165	-23.891	-1.95411
69.2	6.53365	-23.9812	-1.98017
69.3	6.50881	-24.0369	-1.99989
69.4	6.47638	-24.0924	-2.20698
69.5	6.34896	-24.2625	-2.22121
69.6	6.2282	-24.4099	-2.30746
69.7	6.13117	-24.4995	-2.47347
69.8	6.00901	-24.5924	-2.50913
69.9	5.99005	-24.6025	-2.76691
70	5.87584	-24.658	-2.59054
70.1	5.83566	-24.6877	-2.44414
70.2	5.82007	-24.7031	-2.2835
70.3	5.72675	-24.8041	-2.35082
70.4	5.70492	-24.8301	-2.14893
70.5	5.70092	-24.8371	-2.00491
70.6	5.64722	-24.9614	-1.95136
70.7	5.56845	-25.1485	-1.98716
70.8	5.53703	-25.2471	-1.78093
70.9	5.53524	-25.273	-1.57934
71	5.53448	-25.3737	-1.57749
71.1	5.52467	-25.4434	-1.80695
71.2	5.51874	-25.4635	-1.92103
71.3	5.50272	-25.5174	-1.79644
71.4	5.4953	-25.5432	-1.89686
71.5	5.47327	-25.6154	-1.83036
71.6	5.45985	-25.6635	-1.86899
71.7	5.41746	-25.7741	-2.0127
71.8	5.39801	-25.8083	-2.16434
71.9	5.37884	-25.8432	-1.998
72	5.33731	-25.9209	-2.13216
72.1	5.29422	-25.9845	-2.22708
72.2	5.27227	-26.0148	-2.15673
72.3	5.15344	-26.2056	-2.09634
72.4	5.0796	-26.3288	-2.12724
72.5	5.02953	-26.4061	-2.16287
72.6	5.01893	-26.4197	-2.33816
72.7	4.98123	-26.4503	-2.57711
72.8	4.98157	-26.4503	-2.72377
72.9	4.97331	-26.4528	-2.95897
73	4.76832	-26.4911	-2.95538
73.1	4.63079	-26.5212	-2.89499
73.2	4.54304	-26.5523	-2.69841
73.3	4.49034	-26.5787	-2.6552
73.4	4.38851	-26.6398	-2.54249
73.5	4.27935	-26.7204	-2.46451
73.6	4.14843	-26.836	-2.37113
73.7	4.06071	-26.9196	-2.39062
73.8	4.02093	-26.9544	-2.45896
73.9	3.97644	-26.9928	-2.40596
74	3.90513	-27.0538	-2.45927
74.1	3.75918	-27.1627	-2.53906
74.2	3.68564	-27.2207	-2.41771
74.3	3.64648	-27.2507	-2.55137
74.4	3.5284	-27.3302	-2.54611
74.5	3.43389	-27.4034	-2.42117
74.6	3.35821	-27.4697	-2.4229
74.7	3.33597	-27.4863	-2.56733
74.8	3.27031	-27.5291	-2.56186
74.9	3.17391	-27.5913	-2.57457
75	3.17366	-27.5913	-2.81923
75.1	3.0731	-27.615	-3.00189
75.2	3.00138	-27.6303	-2.85501
75.3	2.96434	-27.6439	-2.6727
75.4	2.89172	-27.6839	-2.60152
75.5	2.86282	-27.7045	-2.43694
75.6	2.83344	-27.7338	-2.2666
75.7	2.80239	-27.7661	-2.39863
75.8	2.78164	-27.7889	-2.1849
75.9	2.71033	-27.9055	-2.05169
76	2.67359	-27.9777	-2.02703
76.1	2.61748	-28.0805	-2.11096
76.2	2.58587	-28.1319	-2.13932
76.3	2.52477	-28.2371	-2.05572
76.4	2.45389	-28.3621	-2.115
76.5	2.34576	-28.5342	-2.15247
76.6	2.26287	-28.6645	-2.1232
76.7	2.24064	-28.7019	-2.07295
76.8	2.19234	-28.7835	-2.138
76.9	2.07776	-28.9699	-2.10633
77	2.05302	-29.0252	-1.88323
77.1	2.01478	-29.1263	-1.98374
77.2	1.96662	-29.2487	-1.90322
77.3	1.96327	-29.2568	-1.97728
77.4	1.95411	-29.2799	-1.91198
77.5	1.92163	-29.3632	-1.97594
77.6	1.83884	-29.5682	-1.93248
77.7	1.81835	-29.6165	-2.00513
77.8	1.78592	-29.6932	-1.94319
77.9	1.7091	-29.9031	-1.89956
78	1.68356	-29.9841	-1.84569
78.1	1.66234	-30.0625	-1.82139
78.2	1.6168	-30.257	-1.77852
78.3	1.61351	-30.2791	-1.64109
78.4	1.59821	-30.4336	-1.69687
78.5	1.58675	-30.5026	-1.7645
78.6	1.55622	-30.7019	-1.6809
78.7	1.52952	-30.8521	-1.80388
78.8	1.51412	-30.9008	-1.97739
78.9	1.47314	-30.9917	-2.01414
79	1.40355	-31.1093	-2.1894
79.1	1.3631	-31.1579	-2.3202
79.2	1.30472	-31.2269	-2.21832
79.3	1.29975	-31.2335	-2.29921
79.4	1.17851	-31.3758	-2.25213
79.5	1.13704	-31.4319	-2.16507
79.6	1.11697	-31.4591	-2.25335
79.7	1.03512	-31.5456	-2.40075
79.8	0.96288	-31.6177	-2.29049
79.9	0.92529	-31.6577	-2.38359
80	0.878428	-31.6959	-2.54919
80.1	0.784163	-31.7643	-2.47732
80.2	0.696594	-31.8439	-2.33751
80.3	0.578342	-31.9512	-2.47162
80.4	0.418097	-32.0561	-2.63146
80.5	0.221254	-32.1594	-2.69312
80.6	0.074383	-32.2263	-2.73536
80.7	-0.120198	-32.3012	-2.82218
80.8	-0.162279	-32.3138	-2.87397
80.9	-0.341135	-32.3667	-2.83249
81	-0.413986	-32.3883	-2.87726
81.1	-0.616187	-32.4405	-2.90121
81.2	-0.684983	-32.4579	-2.86164
81.3	-0.731744	-32.4679	-3.00965
81.4	-0.777211	-32.4781	-2.83775
81.5	-0.839827	-32.4988	-2.80632
81.6	-0.880496	-32.5078	-3.05278
81.7	-1.00821	-32.5211	-3.02136
81.8	-1.1828	-32.5319	-3.13858
81.9	-1.29213	-32.5255	-3.26455
82	-1.361	-32.5164	-3.28548
82.1	-1.45016	-32.5061	-3.2248
82.2	-1.50657	-32.504	-3.11005
82.3	-1.63503	-32.5052	-3.15594
82.4	-1.70651	-32.5073	-3.08329
82.5	-1.91958	-32.5109	-3.17425
82.6	-2.0375	-32.5052	-3.20136
82.7	-2.1451	-32.4968	-3.23931
82.8	-2.23414	-32.4944	-3.09479
82.9	-2.26367	-32.4928	-3.25913
83	-2.33931	-32.4793	-3.3753
83.1	-2.44907	-32.4533	-3.3719
83.2	-2.47283	-32.4484	-3.31019
83.3	-2.56963	-32.431	-3.33011
83.4	-2.66143	-32.4189	-3.19471
83.5	-2.886	-32.3999	-3.26337
83.6	-2.94582	-32.389	-3.38664
83.7	-2.95284	-32.3872	-3.47773
83.8	-3.02715	-32.3556	-3.60724
83.9	-3.09441	-32.3122	-3.81604
84	-3.14613	-32.2625	-4.00885
84.1	-3.20334	-32.1941	-4.0246
84.2	-3.28835	-32.1006	-3.92811
84.3	-3.34936	-32.0358	-3.98003
84.4	-3.37749	-32.0088	-3.80931
84.5	-3.53932	-31.8837	-3.78899
84.6	-3.64254	-31.8157	-3.67811
84.7	-3.80622	-31.7127	-3.73105
84.8	-3.93536	-31.6161	-3.83734
84.9	-3.96172	-31.6001	-3.62391
85	-4.14923	-31.4938	-3.69081
85.1	-4.19241	-31.4693	-3.62414
85.2	-4.22351	-31.451	-3.70652
85.3	-4.3389	-31.3702	-3.79522
85.4	-4.37969	-31.3374	-3.85213
85.5	-4.55847	-31.1917	-3.79708
85.6	-4.64916	-31.125	-3.73307
85.7	-4.66189	-31.1144	-3.92093
85.8	-4.80077	-30.9851	-3.86197
85.9	-4.81652	-30.9713	-4.01909
86	-4.92487	-30.8243	-4.14495
86.1	-4.96534	-30.7617	-4.13061
86.2	-4.9817	-30.7338	-4.25986
86.3	-5.02893	-30.6554	-4.07931
86.4	-5.06782	-30.5981	-4.16038
86.5	-5.08254	-30.5719	-4.2294
86.6	-5.08311	-30.5695	-4.50178
86.7	-5.08911	-30.5155	-4.70046
86.8	-5.08866	-30.442	-4.73567
86.9	-5.09567	-30.3068	-4.57918
87	-5.11053	-30.2216	-4.48479
87.1	-5.14643	-30.0548	-4.51773
87.2	-5.15802	-29.9088	-4.73756
87.3	-5.16274	-29.7509	-4.61572
87.4	-5.16248	-29.6635	-4.79768
87.5	-5.15762	-29.6237	-4.86868
87.6	-5.14276	-29.5101	-4.81703
87.7	-5.12756	-29.4067	-4.90305
87.8	-5.10247	-29.3279	-5.1269
87.9	-5.07419	-29.2709	-5.22334
88	-5.02394	-29.1685	-5.11904
88.1	-4.9228	-28.9498	-5.17382
88.2	-4.84684	-28.8291	-5.37986
88.3	-4.7615	-28.7192	-5.36531
88.4	-4.76186	-28.7186	-5.50765
88.5	-4.68874	-28.6601	-5.71806
88.6	-4.50807	-28.5631	-5.85736
88.7	-4.3803	-28.5001	-5.78252
88.8	-4.18904	-28.3984	-5.80778
88.9	-4.15519	-28.3834	-5.95889
89	-4.03683	-28.3388	-5.88741
89.1	-3.88693	-28.2857	-6.01506
89.2	-3.70525	-28.2422	-6.08686
89.3	-3.54558	-28.2201	-6.2415
89.4	-3.46605	-28.2085	-6.03061
89.5	-3.41915	-28.1944	-5.93599
89.6	-3.32379	-28.1722	-6.15568
89.7	-3.22373	-28.1667	-6.32199
89.8	-3.15191	-28.1747	-6.46594
89.9	-3.11335	-28.1811	-6.41382
90	-3.06293	-28.1927	-6.60671
90.1	-3.05662	-28.1954	-6.80483
90.2	-2.99724	-28.2233	-6.64517
90.3	-2.96838	-28.2385	-6.8659
90.4	-2.86226	-28.3057	-6.82735
90.5	-2.85824	-28.3069	-6.97731
90.6	-2.73988	-28.4197	-7.11465
90.7	-2.69206	-28.4717	-7.10593
90.8	-2.68716	-28.4786	-7.25746
90.9	-2.66452	-28.5241	-7.51459
91	-2.63787	-28.6051	-7.56656
91.1	-2.62354	-28.6493	-7.48668
91.2	-2.59994	-28.702	-7.37838
91.3	-2.57963	-28.7376	-7.29527
91.4	-2.53351	-28.8198	-7.38658
91.5	-2.47448	-28.9698	-7.57148
91.6	-2.44378	-29.1142	-7.70195
91.7	-2.41989	-29.2459	-7.64684
91.8	-2.41267	-29.272	-7.53243
91.9	-2.37605	-29.4076	-7.65309
92	-2.34494	-29.617	-7.75501
92.1	-2.30999	-29.7926	-7.57461
92.2	-2.31076	-29.7922	-7.41542
92.3	-2.24387	-29.9444	-7.46311
92.4	-2.19971	-30.0368	-7.35729
92.5	-2.15214	-30.1154	-7.2472
92.6	-2.07879	-30.2113	-7.14863
92.7	-1.92611	-30.3813	-7.09746
92.8	-1.85718	-30.4489	-7.00952
92.9	-1.81733	-30.4822	-6.92065
93	-1.69518	-30.5623	-6.8148
93.1	-1.51827	-30.6675	-6.82478
93.2	-1.45628	-30.7033	-6.77315
93.3	-1.37068	-30.7613	-6.97248
93.4	-1.33641	-30.7909	-7.03071
93.5	-1.1846	-30.9355	-7.05727
93.6	-1.06425	-31.0733	-7.20857
93.7	-0.991908	-31.1765	-7.26777
93.8	-0.988682	-31.1809	-7.18163
93.9	-0.933506	-31.2515	-7.19877
94	-0.933587	-31.2517	-7.32138
94.1	-0.920981	-31.2708	-7.21847
94.2	-0.911827	-31.2849	-7.37407
94.3	-0.905517	-31.3004	-7.55912
94.4	-0.882152	-31.3701	-7.5017
94.5	-0.806491	-31.5302	-7.32531
94.6	-0.723835	-31.6414	-7.10735
94.7	-0.663679	-31.7037	-7.0477
94.8	-0.617337	-31.7386	-6.8231
94.9	-0.566959	-31.7671	-6.76612
95	-0.498907	-31.8101	-6.90766
95.1	-0.461351	-31.8424	-7.06661
95.2	-0.37597	-31.9238	-7.02344
95.3	-0.306079	-31.9864	-7.00404
95.4	-0.242734	-32.0435	-7.02812
95.5	-0.153223	-32.1228	-6.9901
95.6	-0.129792	-32.1448	-7.11388
95.7	-0.0786852	-32.1889	-6.88923
95.8	0.0717905	-32.2841	-6.80218
95.9	0.132749	-32.3174	-6.75935
96	0.254204	-32.3906	-6.89883
96.1	0.413658	-32.5125	-6.96752
96.2	0.456257	-32.546	-6.84937
96.3	0.490405	-32.5691	-6.91538
96.4	0.531267	-32.594	-6.75421
96.5	0.551834	-32.6027	-6.64089
96.6	0.65341	-32.6512	-6.81272
96.7	0.808968	-32.7567	-6.94404
96.8	0.903769	-32.8211	-6.81811
96.9	0.922976	-32.8348	-6.96705
97	0.937777	-32.8479	-7.08077
97.1	1.03994	-32.9645	-7.18531
97.2	1.15101	-33.1051	-7.18531
97.3	1.20673	-33.1622	-7.00212
97.4	1.32582	-33.2717	-7.04752
97.5	1.37802	-33.3224	-7.06666
97.6	1.45802	-33.3994	-7.03321
97.7	1.5251	-33.4566	-6.94219
97.8	1.63244	-33.5521	-7.07874
97.9	1.65384	-33.5697	-6.89998
98	1.78481	-33.6417	-6.68521
98.1	1.82033	-33.6546	-6.55793
98.2	2.02585	-33.7121	-6.55418
98.3	2.10344	-33.7325	-6.50935
98.4	2.12898	-33.7364	-6.34558
98.5	2.16571	-33.7423	-6.55775
98.6	2.16567	-33.7423	-6.75721
98.7	2.22712	-33.7726	-6.72697
98.8	2.27053	-33.7893	-6.57659
98.9	2.33405	-33.8072	-6.53307
99	2.56746	-33.8567	-6.45299
99.1	2.7357	-33.8904	-6.5306
99.2	2.79963	-33.9056	-6.49533
99.3	2.88194	-33.9244	-6.51999
99.4	2.88162	-33.9238	-6.40451
99.5	2.98234	-33.9381	-6.44303
99.6	3.10841	-33.9529	-6.34431
99.7	3.23355	-33.9656	-6.4167
99.8	3.29104	-33.9649	-6.19861
99.9	3.31325	-33.9612	-6.03129
100	3.51388	-33.8974	-5.91577
